# Mass ejected_mass total_metals H 	   He 		C 		N 		O 		Ne		 Mg 		Si 		S 		Ca		 Fe
6     4.7	   0.00593995    -0.27004  0.2641       -0.0072753     0.0125263       -0.00586402      -0.00692216     0               0               0               0                0
7     5.7	   0.00144967    -0.55425  0.5528       -0.0103166     0.0201108       -0.0105391       -0.00840676     0               0               0               0                0
9     7.69443      0.37437       -1.20985  0.83548      0.0346755      0.0306046       0.0964619        0.00763224      0.00300958      0.0711394       0.0592021       0.0113429        0.0477977
12    10.5602      1.19028       -2.18831  0.99803      0.117789       0.0414532       0.600155         0.106722        0.0227667       0.104084        0.0569651       0.00974814       0.108177
15    13.1251      1.98531       -3.00858  1.02327      0.201324       0.0504746       1.13413          0.154664        0.0299653       0.20415         0.0893985       0.00953551       0.082551
20    17.8929      3.77088       -4.77491  1.00403      0.190786       0.0661916       2.57454           0.185476       0.0606579       0.323011        0.149099        0.0157458        0.165255
30    22.8164      3.78373       -5.67472  1.89099      0.193987       0.0996539       2.8349            0.464056       0.112856        0.0258496       0               0                0
40    37.9406      5.61318       -14.0355  8.42232      2.84013        0.164304        1.65203           0.351237       0.0207418       0.273618        0.13929         0.0130499        0.0883201
60    57.9096      8.12536       -24.05    15.9247      4.64358        0.271584        2.05105           0.373631       0.028633        0.322671        0.158017        0.0152359        0.166038
100   97.8811      16.4734       -44.5455  28.0721      10.9117        0.560859        3.23853           0.8985         0.0842471       0.306979        0.137304        0.0154568        0.136249
120   117.895      12.7848       -53.8092  41.0244      8.04695        0.867289        2.2719            0.686845       0.0572967       0.325295        0.15078         0.015787         0.169388
                                                                                                                                                                                   
 

 
 
 
 
 
 
 
 
 
 
 
 
 
 
 
 
 
 
 
 
 
 
 
 
 
 
 
 
 
 
   
   
   
   
   
   
   
   
   
 
 
 
 
 
 
 
 
 
 
 
 
 
 
 
 
 
  
 
 
 
 
 
 
 
 
 
 














 
 
 
 
 
 
 
 
 
 
 
 
 
 
 
 
 
 
 
 
 
 
 
 
 
 
 
 
 
 
 
 
 
 
 
 

















 
 
  
  
  
  
  
  
  
  
  
  
  
 
 
 
 
 
 
 
 
 
 
 
 
 
 
 
 
 
 
 
 
 
 
 
 
 
  
  
  
  
  
  
  
  
    
    
    
    
    
    
    
    
    







 
 
 
 
 
 
 
 
 
 
 
 
 
 
 
                                                                                                                                                                        
      
      
      
      
      
      
      
      
      
      
      
 
 
 
 
                                                                                                                                                                       
 
 
 
                                                                                                                                                                       
                                                                                                                                                                        
                                                                                                                                                                        
                                                                                                                                                                        
                                                                                                                                                                        
                                                                                                                                                                        
                                                                                                                                                                        
                                                                                                                                                                           
                                                                                                                                                         
                                                                                                                                                        
                                                                                                                                                        
                                                                                                                                                        
                                                                                                                                                        
                                                                                                                                                        
                                                                                                                                                        
                                                                                                                                                        
                                                                                                                                                        
                                                                                                                                                        
                                                                                                                                                        
                                                                                                                                                          
                                                                                                                                        
                                                                                                                                        
                                                                                                                                        
                                                                                                                                        
                                                                                                                                        
                                                                                                                                        
                                                                                                                                        
                                                                                                                                        
                                                                                                                                        
                                                                                                                                        
                                                                                                                                        
                                                                                                                                        
                                                                                                                         
                                                                                                                         
                                                                                                                         
                                                                                                                         
                                                                                                                         
                                                                                                                         
                                                                                                                         
                                                                                                                         
                                                                                                                         
                                                                                                                         
                                                                                                                         
                                                                                                                         
                                                                                                        
                                                                                                        
                                                                                                        
                                                                                                        
                                                                                                        
                                                                                                        
                                                                                                        
                                                                                                        
                                                                                                        
                                                                                                        
                                                                                                        
                                                                                                        
                                                                                                        

                                                  











                                                  
                                                              
                                                    
                                                    
                                                    
                                                    
                                                    
                                                    
                                                    
                                                    
                                                    
                                            
                                            
                                            
                                            
                                            
                                            
                                            
                                             
                                             
                                             
                                             
                                             
                                             
                                             
                             
                             
                             
                             
                             
                             
                             
                             
  
  
  
  
  
  
  
  
  
 
 
 
 
 
 
 
 
 
 
 
 
 
 
 
 
 
 
    
    
    
    
    
    
    
    
    
    
    








 
 
 
 
 
 
 
 
 
 
 
 
 
 
 
 
 
 
 
 
  
 
 
 
  
 
 
   
  
  
  
  
  
  
  
  
 
 
 
 
 
 
 
 
























