3.00 0.0200 0.682       g      1   3.4544257E-06  3.5859543E-06  1.3152861E-07  1.5470035E-06  5.6745975E-08  1.4355562E+00
3.00 0.0200 0.682       n      1   0.0000000E+00  0.0000000E+00  0.0000000E+00  0.0000000E+00  0.0000000E+00  0.0000000E+00
3.00 0.0200 0.682       p      1  -6.9546103E-02  1.5249372E+00  1.5944833E+00  6.5786761E-01  6.8791503E-01 -1.9396281E-02
3.00 0.0200 0.682       d      2   1.3628254E-17  1.3628254E-17  0.0000000E+00  5.8793157E-18  0.0000000E+00  0.0000000E+00
3.00 0.0200 0.682     he3      3   2.2231322E-04  2.2231322E-04  0.0000000E+00  9.5907337E-05  0.0000000E+00  0.0000000E+00
3.00 0.0200 0.682     he4      4   5.1317811E-02  7.3069012E-01  6.7937231E-01  3.1522438E-01  2.9310462E-01  3.1597134E-02
3.00 0.0200 0.682     li7      7   1.0336585E-09  5.3576059E-09  4.3239474E-09  2.3113054E-09  1.8655000E-09  9.3062103E-02
3.00 0.0200 0.682     be7      7   2.7938718E-14  2.7938718E-14  0.0000000E+00  1.2052941E-14  0.0000000E+00  0.0000000E+00
3.00 0.0200 0.682      b8      8   4.2706283E-28  4.2706283E-28  0.0000000E+00  1.8423762E-28  0.0000000E+00  0.0000000E+00
3.00 0.0200 0.682     c12     12   1.2046391E-02  1.9081514E-02  7.0351227E-03  8.2318867E-03  3.0351942E-03  4.3331289E-01
3.00 0.0200 0.682     c13     13   1.0967580E-04  1.9434442E-04  8.4668623E-05  8.3841420E-05  3.6528963E-05  3.6082128E-01
3.00 0.0200 0.682     c14     14   1.0691901E-08  1.0691901E-08  0.0000000E+00  4.6125539E-09  0.0000000E+00  0.0000000E+00
3.00 0.0200 0.682     n13     13   0.0000000E+00  0.0000000E+00  0.0000000E+00  0.0000000E+00  0.0000000E+00  0.0000000E+00
3.00 0.0200 0.682     n14     14   3.0941428E-03  5.6574601E-03  2.5633173E-03  2.4406642E-03  1.1059034E-03  3.4379083E-01
3.00 0.0200 0.682     n15     15  -5.0325216E-06  5.0905437E-06  1.0123065E-05  2.1960930E-06  4.3674390E-06 -2.9857612E-01
3.00 0.0200 0.682     o14     14   0.0000000E+00  0.0000000E+00  0.0000000E+00  0.0000000E+00  0.0000000E+00  0.0000000E+00
3.00 0.0200 0.682     o15     15   0.0000000E+00  0.0000000E+00  0.0000000E+00  0.0000000E+00  0.0000000E+00  0.0000000E+00
3.00 0.0200 0.682     o16     16  -9.0233423E-04  2.1360658E-02  2.2262992E-02  9.2151240E-03  9.6050221E-03 -1.7997185E-02
3.00 0.0200 0.682     o17     17   4.6767578E-05  5.5786943E-05  9.0193635E-06  2.4066843E-05  3.8912640E-06  7.9132843E-01
3.00 0.0200 0.682     o18     18  -1.3681623E-05  3.6598889E-05  5.0280512E-05  1.5788994E-05  2.1692746E-05 -1.3796006E-01
3.00 0.0200 0.682     o19     19   0.0000000E+00  0.0000000E+00  0.0000000E+00  0.0000000E+00  0.0000000E+00  0.0000000E+00
3.00 0.0200 0.682     f17     17   0.0000000E+00  0.0000000E+00  0.0000000E+00  0.0000000E+00  0.0000000E+00  0.0000000E+00
3.00 0.0200 0.682     f18     18   0.0000000E+00  0.0000000E+00  0.0000000E+00  0.0000000E+00  0.0000000E+00  0.0000000E+00
3.00 0.0200 0.682     f19     19   4.1291660E-06  5.0691892E-06  9.4002343E-07  2.1868805E-06  4.0555850E-07  7.3177159E-01
3.00 0.0200 0.682     f20     20   0.0000000E+00  0.0000000E+00  0.0000000E+00  0.0000000E+00  0.0000000E+00  0.0000000E+00
3.00 0.0200 0.682    ne19     19   0.0000000E+00  0.0000000E+00  0.0000000E+00  0.0000000E+00  0.0000000E+00  0.0000000E+00
3.00 0.0200 0.682    ne20     20   1.0085059E-05  3.7680254E-03  3.7579404E-03  1.6255502E-03  1.6213050E-03  1.1356844E-03
3.00 0.0200 0.682    ne21     21   1.0527419E-06  1.0631195E-05  9.5784535E-06  4.5863653E-06  4.1324747E-06  4.5258429E-02
3.00 0.0200 0.682    ne22     22   3.4511935E-03  3.7534097E-03  3.0221627E-04  1.6192448E-03  1.3038651E-04  1.0940799E+00
3.00 0.0200 0.682    ne23     23   0.0000000E+00  0.0000000E+00  0.0000000E+00  0.0000000E+00  0.0000000E+00  0.0000000E+00
3.00 0.0200 0.682    na21     21   0.0000000E+00  0.0000000E+00  0.0000000E+00  0.0000000E+00  0.0000000E+00  0.0000000E+00
3.00 0.0200 0.682    na22     22   2.5351788E-22  2.5351788E-22  0.0000000E+00  1.0936923E-22  0.0000000E+00  0.0000000E+00
3.00 0.0200 0.682    na23     23   9.2811060E-05  1.7031984E-04  7.7508776E-05  7.3477066E-05  3.3439956E-05  3.4188610E-01
3.00 0.0200 0.682    na24     24   0.0000000E+00  0.0000000E+00  0.0000000E+00  0.0000000E+00  0.0000000E+00  0.0000000E+00
3.00 0.0200 0.682    mg23     23   0.0000000E+00  0.0000000E+00  0.0000000E+00  0.0000000E+00  0.0000000E+00  0.0000000E+00
3.00 0.0200 0.682    mg24     24   1.3591605E-05  1.2087857E-03  1.1951941E-03  5.2147784E-04  5.1564793E-04  4.8825531E-03
3.00 0.0200 0.682    mg25     25   2.1733314E-05  1.7880916E-04  1.5707585E-04  7.7139412E-05  6.7767927E-05  5.6252118E-02
3.00 0.0200 0.682    mg26     26   2.5834830E-05  2.0600678E-04  1.8017195E-04  8.8872635E-05  7.7732388E-05  5.8166068E-02
3.00 0.0200 0.682    mg27     27   0.0000000E+00  0.0000000E+00  0.0000000E+00  0.0000000E+00  0.0000000E+00  0.0000000E+00
3.00 0.0200 0.682    al25     25   0.0000000E+00  0.0000000E+00  0.0000000E+00  0.0000000E+00  0.0000000E+00  0.0000000E+00
3.00 0.0200 0.682    al-6     26   1.8962101E-07  1.8962101E-07  0.0000000E+00  8.1803712E-08  0.0000000E+00  0.0000000E+00
3.00 0.0200 0.682    al*6     26   0.0000000E+00  0.0000000E+00  0.0000000E+00  0.0000000E+00  0.0000000E+00  0.0000000E+00
3.00 0.0200 0.682    al27     27   3.1746313E-06  1.3795974E-04  1.3478511E-04  5.9516711E-05  5.8150938E-05  1.0082218E-02
3.00 0.0200 0.682    al28     28   0.0000000E+00  0.0000000E+00  0.0000000E+00  0.0000000E+00  0.0000000E+00  0.0000000E+00
3.00 0.0200 0.682    si27     27   0.0000000E+00  0.0000000E+00  0.0000000E+00  0.0000000E+00  0.0000000E+00  0.0000000E+00
3.00 0.0200 0.682    si28     28   2.4726614E-07  1.5166489E-03  1.5164017E-03  6.5429200E-04  6.5422792E-04  4.2554446E-05
3.00 0.0200 0.682    si29     29   3.6493293E-07  7.9919009E-05  7.9554076E-05  3.4477569E-05  3.4322369E-05  1.9593865E-03
3.00 0.0200 0.682    si30     30   1.1609191E-06  5.5781478E-05  5.4620559E-05  2.4064486E-05  2.3565191E-05  9.1056107E-03
3.00 0.0200 0.682    si31     31   0.0000000E+00  0.0000000E+00  0.0000000E+00  0.0000000E+00  0.0000000E+00  0.0000000E+00
3.00 0.0200 0.682    si32     32   1.6156076E-14  1.6156076E-14  0.0000000E+00  6.9698343E-15  0.0000000E+00  0.0000000E+00
3.00 0.0200 0.682    si33     33   0.0000000E+00  0.0000000E+00  0.0000000E+00  0.0000000E+00  0.0000000E+00  0.0000000E+00
3.00 0.0200 0.682     p29     29   0.0000000E+00  0.0000000E+00  0.0000000E+00  0.0000000E+00  0.0000000E+00  0.0000000E+00
3.00 0.0200 0.682     p30     30   0.0000000E+00  0.0000000E+00  0.0000000E+00  0.0000000E+00  0.0000000E+00  0.0000000E+00
3.00 0.0200 0.682     p31     31   1.6082304E-06  2.0546173E-05  1.8937943E-05  8.8637498E-06  8.1704811E-06  3.5369866E-02
3.00 0.0200 0.682     p32     32   4.1243374E-18  4.1243374E-18  0.0000000E+00  1.7792655E-18  0.0000000E+00  0.0000000E+00
3.00 0.0200 0.682     p33     33   0.0000000E+00  0.0000000E+00  0.0000000E+00  0.0000000E+00  0.0000000E+00  0.0000000E+00
3.00 0.0200 0.682     p34     34   0.0000000E+00  0.0000000E+00  0.0000000E+00  0.0000000E+00  0.0000000E+00  0.0000000E+00
3.00 0.0200 0.682     s32     32  -2.0493171E-06  9.1714517E-04  9.1919448E-04  3.9566227E-04  3.9657217E-04 -9.9759933E-04
3.00 0.0200 0.682     s33     33   2.1646520E-07  7.6988254E-06  7.4823602E-06  3.3213223E-06  3.2281480E-06  1.2357580E-02
3.00 0.0200 0.682     s34     34   4.4237822E-09  4.3386157E-04  4.3385715E-04  1.8717065E-04  1.8718094E-04 -2.3867518E-05
3.00 0.0200 0.682     s35     35   1.5616695E-07  1.5616695E-07  0.0000000E+00  6.7371417E-08  0.0000000E+00  0.0000000E+00
3.00 0.0200 0.682    fe54     54  -2.3796456E-06  1.6323406E-04  1.6561370E-04  7.0420210E-05  7.1451461E-05 -6.3138059E-03
3.00 0.0200 0.682    fe55     55   9.1518132E-07  9.1518132E-07  0.0000000E+00  3.9481506E-07  0.0000000E+00  0.0000000E+00
3.00 0.0200 0.682    fe56     56  -1.7811311E-05  2.6976918E-03  2.7155031E-03  1.1638014E-03  1.1715617E-03 -2.8862774E-03
3.00 0.0200 0.682    fe57     57   6.1788960E-06  7.2498093E-05  6.6319197E-05  3.1276140E-05  2.8612385E-05  3.8659070E-02
3.00 0.0200 0.682    fe58     58   5.0158842E-06  1.3603796E-05  8.5879119E-06  5.8687642E-06  3.7051209E-06  1.9974428E-01
3.00 0.0200 0.682    fe59     59  -7.5053546E-42 -7.5053546E-42  0.0000000E+00 -3.2384008E-42  0.0000000E+00  0.0000000E+00
3.00 0.0200 0.682    fe60     60   2.2710534E-08  2.2710534E-08  0.0000000E+00  9.7974686E-09  0.0000000E+00  0.0000000E+00
3.00 0.0200 0.682    fe61     61   0.0000000E+00  0.0000000E+00  0.0000000E+00  0.0000000E+00  0.0000000E+00  0.0000000E+00
3.00 0.0200 0.682    co59     59   1.1354496E-06  8.9357472E-06  7.8002977E-06  3.8549383E-06  3.3653175E-06  5.8991365E-02
3.00 0.0200 0.682    co60     60   7.9813800E-14  7.9813800E-14  0.0000000E+00  3.4432181E-14  0.0000000E+00  0.0000000E+00
3.00 0.0200 0.682    co61     61   0.0000000E+00  0.0000000E+00  0.0000000E+00  0.0000000E+00  0.0000000E+00  0.0000000E+00
3.00 0.0200 0.682    ni58     58  -1.6888516E-06  1.1315352E-04  1.1484238E-04  4.8815153E-05  4.9546954E-05 -6.4623076E-03
3.00 0.0200 0.682    ni59     59   1.1082021E-07  1.1082021E-07  0.0000000E+00  4.7808545E-08  0.0000000E+00  0.0000000E+00
3.00 0.0200 0.682    ni60     60   4.6012065E-07  4.5943259E-05  4.5483139E-05  1.9820214E-05  1.9622994E-05  4.3430519E-03
3.00 0.0200 0.682    ni61     61   1.5873884E-05  1.7870107E-05  1.9962222E-06  7.7092782E-06  8.6123907E-07  9.5188999E-01
3.00 0.0200 0.682    ni62     62  -6.3947978E-06  5.3698486E-08  6.4484962E-06  2.3165869E-08  2.7821034E-06 -2.0795248E+00
3.00 0.0080 0.694       g      1   5.5274118E-06  5.5797182E-06  5.2306408E-08  2.4196522E-06  2.2684230E-08  2.0280290E+00
3.00 0.0080 0.694       n      1   0.0000000E+00  0.0000000E+00  0.0000000E+00  0.0000000E+00  0.0000000E+00  0.0000000E+00
3.00 0.0080 0.694       p      1  -1.6587174E-01  1.5340152E+00  1.6998869E+00  6.6522777E-01  7.3720652E-01 -4.4618808E-02
3.00 0.0080 0.694       d      2   1.4930762E-17  1.4930762E-17  0.0000000E+00  6.4747451E-18  0.0000000E+00  0.0000000E+00
3.00 0.0080 0.694     he3      3   2.4531985E-04  2.4531985E-04  0.0000000E+00  1.0638328E-04  0.0000000E+00  0.0000000E+00
3.00 0.0080 0.694     he4      4   1.2274945E-01  7.1121621E-01  5.8846676E-01  3.0841985E-01  2.5520611E-01  8.2251251E-02
3.00 0.0080 0.694     li7      7  -4.1354045E-09  1.6615706E-10  4.3015613E-09  7.2054231E-11  1.8655000E-09 -1.4131358E+00
3.00 0.0080 0.694     be7      7   4.3917056E-14  4.3917056E-14  0.0000000E+00  1.9044690E-14  0.0000000E+00  0.0000000E+00
3.00 0.0080 0.694      b8      8   3.4485130E-29  3.4485130E-29  0.0000000E+00  1.4954523E-29  0.0000000E+00  0.0000000E+00
3.00 0.0080 0.694     c12     12   3.3385992E-02  3.6183726E-02  2.7977335E-03  1.5691122E-02  1.2133204E-03  1.1116785E+00
3.00 0.0080 0.694     c13     13   3.9003302E-05  7.2674397E-05  3.3671095E-05  3.1515348E-05  1.4602471E-05  3.3409578E-01
3.00 0.0080 0.694     c14     14   4.3879119E-08  4.3879119E-08  0.0000000E+00  1.9028239E-08  0.0000000E+00  0.0000000E+00
3.00 0.0080 0.694     n13     13   0.0000000E+00  0.0000000E+00  0.0000000E+00  0.0000000E+00  0.0000000E+00  0.0000000E+00
3.00 0.0080 0.694     n14     14   1.4468151E-03  2.4661974E-03  1.0193823E-03  1.0694698E-03  4.4208541E-04  3.8366234E-01
3.00 0.0080 0.694     n15     15  -2.3416119E-06  1.6841377E-06  4.0257496E-06  7.3032857E-07  1.7458859E-06 -3.7849760E-01
3.00 0.0080 0.694     o14     14   0.0000000E+00  0.0000000E+00  0.0000000E+00  0.0000000E+00  0.0000000E+00  0.0000000E+00
3.00 0.0080 0.694     o15     15   0.0000000E+00  0.0000000E+00  0.0000000E+00  0.0000000E+00  0.0000000E+00  0.0000000E+00
3.00 0.0080 0.694     o16     16  -1.5653577E-04  8.6970301E-03  8.8535659E-03  3.7714788E-03  3.8396122E-03 -7.7757076E-03
3.00 0.0080 0.694     o17     17   2.0867750E-05  2.4454579E-05  3.5868281E-06  1.0604761E-05  1.5555346E-06  8.3362120E-01
3.00 0.0080 0.694     o18     18  -7.3594074E-06  1.2636187E-05  1.9995594E-05  5.4796992E-06  8.6716846E-06 -1.9934677E-01
3.00 0.0080 0.694     o19     19   0.0000000E+00  0.0000000E+00  0.0000000E+00  0.0000000E+00  0.0000000E+00  0.0000000E+00
3.00 0.0080 0.694     f17     17   0.0000000E+00  0.0000000E+00  0.0000000E+00  0.0000000E+00  0.0000000E+00  0.0000000E+00
3.00 0.0080 0.694     f18     18   0.0000000E+00  0.0000000E+00  0.0000000E+00  0.0000000E+00  0.0000000E+00  0.0000000E+00
3.00 0.0080 0.694     f19     19   1.3699617E-05  1.4073446E-05  3.7382932E-07  6.1029691E-06  1.6212219E-07  1.5756987E+00
3.00 0.0080 0.694     f20     20   0.0000000E+00  0.0000000E+00  0.0000000E+00  0.0000000E+00  0.0000000E+00  0.0000000E+00
3.00 0.0080 0.694    ne19     19   0.0000000E+00  0.0000000E+00  0.0000000E+00  0.0000000E+00  0.0000000E+00  0.0000000E+00
3.00 0.0080 0.694    ne20     20   1.2261898E-04  1.6170798E-03  1.4944609E-03  7.0124882E-04  6.4811739E-04  3.4218464E-02
3.00 0.0080 0.694    ne21     21   4.9498631E-06  8.7590306E-06  3.8091678E-06  3.7983655E-06  1.6519588E-06  3.6159757E-01
3.00 0.0080 0.694    ne22     22   7.5472132E-03  7.6673990E-03  1.2018562E-04  3.3249778E-03  5.2122065E-05  1.8047671E+00
3.00 0.0080 0.694    ne23     23   0.0000000E+00  0.0000000E+00  0.0000000E+00  0.0000000E+00  0.0000000E+00  0.0000000E+00
3.00 0.0080 0.694    na21     21   0.0000000E+00  0.0000000E+00  0.0000000E+00  0.0000000E+00  0.0000000E+00  0.0000000E+00
3.00 0.0080 0.694    na22     22   1.1530459E-21  1.1530459E-21  0.0000000E+00  5.0001988E-22  0.0000000E+00  0.0000000E+00
3.00 0.0080 0.694    na23     23   1.6356909E-04  1.9439284E-04  3.0823754E-05  8.4298714E-05  1.3367638E-05  7.9976630E-01
3.00 0.0080 0.694    na24     24   0.0000000E+00  0.0000000E+00  0.0000000E+00  0.0000000E+00  0.0000000E+00  0.0000000E+00
3.00 0.0080 0.694    mg23     23   0.0000000E+00  0.0000000E+00  0.0000000E+00  0.0000000E+00  0.0000000E+00  0.0000000E+00
3.00 0.0080 0.694    mg24     24   3.9858511E-05  5.1516434E-04  4.7530583E-04  2.2340172E-04  2.0613050E-04  3.4944259E-02
3.00 0.0080 0.694    mg25     25   1.0953657E-04  1.7200263E-04  6.2466061E-05  7.4589174E-05  2.7090264E-05  4.3986255E-01
3.00 0.0080 0.694    mg26     26   1.3009713E-04  2.0174807E-04  7.1650938E-05  8.7488326E-05  3.1073560E-05  4.4955909E-01
3.00 0.0080 0.694    mg27     27   0.0000000E+00  0.0000000E+00  0.0000000E+00  0.0000000E+00  0.0000000E+00  0.0000000E+00
3.00 0.0080 0.694    al25     25   0.0000000E+00  0.0000000E+00  0.0000000E+00  0.0000000E+00  0.0000000E+00  0.0000000E+00
3.00 0.0080 0.694    al-6     26   7.3642511E-08  7.3642511E-08  0.0000000E+00  3.1935173E-08  0.0000000E+00  0.0000000E+00
3.00 0.0080 0.694    al*6     26   0.0000000E+00  0.0000000E+00  0.0000000E+00  0.0000000E+00  0.0000000E+00  0.0000000E+00
3.00 0.0080 0.694    al27     27   7.2330695E-06  6.0834525E-05  5.3601456E-05  2.6380974E-05  2.3245864E-05  5.4945130E-02
3.00 0.0080 0.694    al28     28   0.0000000E+00  0.0000000E+00  0.0000000E+00  0.0000000E+00  0.0000000E+00  0.0000000E+00
3.00 0.0080 0.694    si27     27   0.0000000E+00  0.0000000E+00  0.0000000E+00  0.0000000E+00  0.0000000E+00  0.0000000E+00
3.00 0.0080 0.694    si28     28   4.4272747E-07  6.0348667E-04  6.0304394E-04  2.6170281E-04  2.6152792E-04  2.9034351E-04
3.00 0.0080 0.694    si29     29   1.2482633E-06  3.2885397E-05  3.1637133E-05  1.4260797E-05  1.3720383E-05  1.6777575E-02
3.00 0.0080 0.694    si30     30   3.1023555E-06  2.4823907E-05  2.1721551E-05  1.0764920E-05  9.4201960E-06  5.7950880E-02
3.00 0.0080 0.694    si31     31   0.0000000E+00  0.0000000E+00  0.0000000E+00  0.0000000E+00  0.0000000E+00  0.0000000E+00
3.00 0.0080 0.694    si32     32   1.6927975E-13  1.6927975E-13  0.0000000E+00  7.3408395E-14  0.0000000E+00  0.0000000E+00
3.00 0.0080 0.694    si33     33   0.0000000E+00  0.0000000E+00  0.0000000E+00  0.0000000E+00  0.0000000E+00  0.0000000E+00
3.00 0.0080 0.694     p29     29   0.0000000E+00  0.0000000E+00  0.0000000E+00  0.0000000E+00  0.0000000E+00  0.0000000E+00
3.00 0.0080 0.694     p30     30   0.0000000E+00  0.0000000E+00  0.0000000E+00  0.0000000E+00  0.0000000E+00  0.0000000E+00
3.00 0.0080 0.694     p31     31   2.1345554E-06  9.6658132E-06  7.5312578E-06  4.1915928E-06  3.2661540E-06  1.0834245E-01
3.00 0.0080 0.694     p32     32   4.3213877E-17  4.3213877E-17  0.0000000E+00  1.8739755E-17  0.0000000E+00  0.0000000E+00
3.00 0.0080 0.694     p33     33   0.0000000E+00  0.0000000E+00  0.0000000E+00  0.0000000E+00  0.0000000E+00  0.0000000E+00
3.00 0.0080 0.694     p34     34   0.0000000E+00  0.0000000E+00  0.0000000E+00  0.0000000E+00  0.0000000E+00  0.0000000E+00
3.00 0.0080 0.694     s32     32  -3.8031139E-06  3.6174292E-04  3.6554603E-04  1.5687030E-04  1.5852990E-04 -4.5704735E-03
3.00 0.0080 0.694     s33     33   2.7133797E-07  3.2469293E-06  2.9755913E-06  1.4080352E-06  1.2904536E-06  3.7871145E-02
3.00 0.0080 0.694     s34     34  -2.5451300E-08  1.7251124E-04  1.7253669E-04  7.4809730E-05  7.4825664E-05 -9.2500421E-05
3.00 0.0080 0.694     s35     35   2.5820236E-07  2.5820236E-07  0.0000000E+00  1.1196980E-07  0.0000000E+00  0.0000000E+00
3.00 0.0080 0.694    fe54     54  -3.8005091E-06  6.2060892E-05  6.5861401E-05  2.6912789E-05  2.8562754E-05 -2.5841376E-02
3.00 0.0080 0.694    fe55     55   8.5942304E-07  8.5942304E-07  0.0000000E+00  3.7268995E-07  0.0000000E+00  0.0000000E+00
3.00 0.0080 0.694    fe56     56  -3.1667994E-05  1.0482356E-03  1.0799036E-03  4.5456877E-04  4.6833229E-04 -1.2954509E-02
3.00 0.0080 0.694    fe57     57   9.6556869E-06  3.6029563E-05  2.6373877E-05  1.5624270E-05  1.1437815E-05  1.3545664E-01
3.00 0.0080 0.694    fe58     58   1.3310934E-05  1.6726182E-05  3.4152479E-06  7.2533317E-06  1.4811237E-06  6.8994617E-01
3.00 0.0080 0.694    fe59     59   1.1130501E-38  1.1130501E-38  0.0000000E+00  4.8267571E-39  0.0000000E+00  0.0000000E+00
3.00 0.0080 0.694    fe60     60   4.0354951E-07  4.0354951E-07  0.0000000E+00  1.7499978E-07  0.0000000E+00  0.0000000E+00
3.00 0.0080 0.694    fe61     61   0.0000000E+00  0.0000000E+00  0.0000000E+00  0.0000000E+00  0.0000000E+00  0.0000000E+00
3.00 0.0080 0.694    co59     59   2.7682286E-06  5.8702581E-06  3.1020295E-06  2.5456452E-06  1.3452873E-06  2.7698287E-01
3.00 0.0080 0.694    co60     60   1.4181750E-12  1.4181750E-12  0.0000000E+00  6.1499352E-13  0.0000000E+00  0.0000000E+00
3.00 0.0080 0.694    co61     61   0.0000000E+00  0.0000000E+00  0.0000000E+00  0.0000000E+00  0.0000000E+00  0.0000000E+00
3.00 0.0080 0.694    ni58     58  -2.7519091E-06  4.2918702E-05  4.5670611E-05  1.8611752E-05  1.9806417E-05 -2.7018648E-02
3.00 0.0080 0.694    ni59     59   4.4234977E-08  4.4234977E-08  0.0000000E+00  1.9182558E-08  0.0000000E+00  0.0000000E+00
3.00 0.0080 0.694    ni60     60   8.6308683E-07  1.8950863E-05  1.8087776E-05  8.2180668E-06  7.8443018E-06  2.0215370E-02
3.00 0.0080 0.694    ni61     61   1.4746309E-05  1.5540169E-05  7.9385939E-07  6.7390151E-06  3.4428072E-07  1.2916837E+00
3.00 0.0080 0.694    ni62     62  -2.5608533E-06  3.5901513E-09  2.5644435E-06  1.5568740E-09  1.1121472E-06 -2.8539088E+00
3.00 0.0040 0.731       g      1   5.1210932E-06  5.1468214E-06  2.5728196E-08  2.2683214E-06  1.1339757E-08  2.3011010E+00
3.00 0.0040 0.731       n      1   0.0000000E+00  0.0000000E+00  0.0000000E+00  0.0000000E+00  0.0000000E+00  0.0000000E+00
3.00 0.0040 0.731       p      1  -1.6018128E-01  1.5381784E+00  1.6983597E+00  6.7791027E-01  7.4855560E-01 -4.3051861E-02
3.00 0.0040 0.731       d      2   1.3013481E-17  1.3013481E-17  0.0000000E+00  5.7353374E-18  0.0000000E+00  0.0000000E+00
3.00 0.0040 0.731     he3      3   2.4403294E-04  2.4403294E-04  0.0000000E+00  1.0755088E-04  0.0000000E+00  0.0000000E+00
3.00 0.0040 0.731     he4      4   1.1698389E-01  6.7886776E-01  5.6188387E-01  2.9919249E-01  2.4765149E-01  8.2109727E-02
3.00 0.0040 0.731     li7      7  -4.2080921E-09  2.4445727E-11  4.2325379E-09  1.0773788E-11  1.8655000E-09 -2.2384269E+00
3.00 0.0040 0.731     be7      7   5.9234329E-14  5.9234329E-14  0.0000000E+00  2.6105918E-14  0.0000000E+00  0.0000000E+00
3.00 0.0040 0.731      b8      8   2.8096760E-29  2.8096760E-29  0.0000000E+00  1.2382882E-29  0.0000000E+00  0.0000000E+00
3.00 0.0040 0.731     c12     12   3.4033157E-02  3.5409290E-02  1.3761343E-03  1.5605681E-02  6.0653407E-04  1.4104276E+00
3.00 0.0040 0.731     c13     13   1.9829085E-05  3.6391044E-05  1.6561959E-05  1.6038362E-05  7.2997177E-06  3.4185395E-01
3.00 0.0040 0.731     c14     14   4.0560195E-08  4.0560195E-08  0.0000000E+00  1.7875802E-08  0.0000000E+00  0.0000000E+00
3.00 0.0040 0.731     n13     13   0.0000000E+00  0.0000000E+00  0.0000000E+00  0.0000000E+00  0.0000000E+00  0.0000000E+00
3.00 0.0040 0.731     n14     14   7.1479531E-04  1.2162036E-03  5.0140824E-04  5.3600862E-04  2.2099674E-04  3.8478595E-01
3.00 0.0040 0.731     n15     15  -1.2263172E-06  7.5384696E-07  1.9801641E-06  3.3223753E-07  8.7276146E-07 -4.1944689E-01
3.00 0.0040 0.731     o14     14   0.0000000E+00  0.0000000E+00  0.0000000E+00  0.0000000E+00  0.0000000E+00  0.0000000E+00
3.00 0.0040 0.731     o15     15   0.0000000E+00  0.0000000E+00  0.0000000E+00  0.0000000E+00  0.0000000E+00  0.0000000E+00
3.00 0.0040 0.731     o16     16   4.6446314E-04  4.8193079E-03  4.3548448E-03  2.1239787E-03  1.9194069E-03  4.3983106E-02
3.00 0.0040 0.731     o17     17   1.7122455E-05  1.8886725E-05  1.7642699E-06  8.3238101E-06  7.7760563E-07  1.0295627E+00
3.00 0.0040 0.731     o18     18  -3.8943226E-06  5.9410040E-06  9.8353266E-06  2.6183359E-06  4.3349410E-06 -2.1895781E-01
3.00 0.0040 0.731     o19     19   0.0000000E+00  0.0000000E+00  0.0000000E+00  0.0000000E+00  0.0000000E+00  0.0000000E+00
3.00 0.0040 0.731     f17     17   0.0000000E+00  0.0000000E+00  0.0000000E+00  0.0000000E+00  0.0000000E+00  0.0000000E+00
3.00 0.0040 0.731     f18     18   0.0000000E+00  0.0000000E+00  0.0000000E+00  0.0000000E+00  0.0000000E+00  0.0000000E+00
3.00 0.0040 0.731     f19     19   1.4083469E-05  1.4267346E-05  1.8387716E-07  6.2879444E-06  8.1044249E-08  1.8897865E+00
3.00 0.0040 0.731     f20     20   0.0000000E+00  0.0000000E+00  0.0000000E+00  0.0000000E+00  0.0000000E+00  0.0000000E+00
3.00 0.0040 0.731    ne19     19   0.0000000E+00  0.0000000E+00  0.0000000E+00  0.0000000E+00  0.0000000E+00  0.0000000E+00
3.00 0.0040 0.731    ne20     20   1.5152234E-04  8.8660978E-04  7.3508744E-04  3.9074913E-04  3.2399135E-04  8.1364594E-02
3.00 0.0040 0.731    ne21     21   8.0323598E-06  9.9059926E-06  1.8736330E-06  4.3657965E-06  8.2580766E-07  7.2318459E-01
3.00 0.0040 0.731    ne22     22   6.9082505E-03  6.9673667E-03  5.9116261E-05  3.0706772E-03  2.6055615E-05  2.0713329E+00
3.00 0.0040 0.731    ne23     23   0.0000000E+00  0.0000000E+00  0.0000000E+00  0.0000000E+00  0.0000000E+00  0.0000000E+00
3.00 0.0040 0.731    na21     21   0.0000000E+00  0.0000000E+00  0.0000000E+00  0.0000000E+00  0.0000000E+00  0.0000000E+00
3.00 0.0040 0.731    na22     22   6.9609749E-20  6.9609749E-20  0.0000000E+00  3.0678601E-20  0.0000000E+00  0.0000000E+00
3.00 0.0040 0.731    na23     23   1.0656596E-04  1.2172738E-04  1.5161423E-05  5.3648029E-05  6.6824286E-06  9.0461946E-01
3.00 0.0040 0.731    na24     24   0.0000000E+00  0.0000000E+00  0.0000000E+00  0.0000000E+00  0.0000000E+00  0.0000000E+00
3.00 0.0040 0.731    mg23     23   0.0000000E+00  0.0000000E+00  0.0000000E+00  0.0000000E+00  0.0000000E+00  0.0000000E+00
3.00 0.0040 0.731    mg24     24   3.3534961E-05  2.6732584E-04  2.3379088E-04  1.1781658E-04  1.0304382E-04  5.8184449E-02
3.00 0.0040 0.731    mg25     25   1.8292216E-04  2.1364763E-04  3.0725470E-05  9.4159375E-05  1.3542315E-05  8.4217066E-01
3.00 0.0040 0.731    mg26     26   2.7582760E-04  3.1107088E-04  3.5243276E-05  1.3709602E-04  1.5533549E-05  9.4575417E-01
3.00 0.0040 0.731    mg27     27   0.0000000E+00  0.0000000E+00  0.0000000E+00  0.0000000E+00  0.0000000E+00  0.0000000E+00
3.00 0.0040 0.731    al25     25   0.0000000E+00  0.0000000E+00  0.0000000E+00  0.0000000E+00  0.0000000E+00  0.0000000E+00
3.00 0.0040 0.731    al-6     26   7.0148907E-08  7.0148907E-08  0.0000000E+00  3.0916222E-08  0.0000000E+00  0.0000000E+00
3.00 0.0040 0.731    al*6     26   0.0000000E+00  0.0000000E+00  0.0000000E+00  0.0000000E+00  0.0000000E+00  0.0000000E+00
3.00 0.0040 0.731    al27     27   1.1384276E-05  3.7749473E-05  2.6365196E-05  1.6637052E-05  1.1620516E-05  1.5585098E-01
3.00 0.0040 0.731    al28     28   0.0000000E+00  0.0000000E+00  0.0000000E+00  0.0000000E+00  0.0000000E+00  0.0000000E+00
3.00 0.0040 0.731    si27     27   0.0000000E+00  0.0000000E+00  0.0000000E+00  0.0000000E+00  0.0000000E+00  0.0000000E+00
3.00 0.0040 0.731    si28     28   4.0040468E-06  3.0062610E-04  2.9662205E-04  1.3249277E-04  1.3073678E-04  5.7944204E-03
3.00 0.0040 0.731    si29     29   1.6448103E-06  1.7206316E-05  1.5561505E-05  7.5832149E-06  6.8587660E-06  4.3607395E-02
3.00 0.0040 0.731    si30     30   3.8189264E-06  1.4503206E-05  1.0684280E-05  6.3918933E-06  4.7091189E-06  1.3268986E-01
3.00 0.0040 0.731    si31     31   0.0000000E+00  0.0000000E+00  0.0000000E+00  0.0000000E+00  0.0000000E+00  0.0000000E+00
3.00 0.0040 0.731    si32     32   1.0622504E-12  1.0622504E-12  0.0000000E+00  4.6815796E-13  0.0000000E+00  0.0000000E+00
3.00 0.0040 0.731    si33     33   0.0000000E+00  0.0000000E+00  0.0000000E+00  0.0000000E+00  0.0000000E+00  0.0000000E+00
3.00 0.0040 0.731     p29     29   0.0000000E+00  0.0000000E+00  0.0000000E+00  0.0000000E+00  0.0000000E+00  0.0000000E+00
3.00 0.0040 0.731     p30     30   0.0000000E+00  0.0000000E+00  0.0000000E+00  0.0000000E+00  0.0000000E+00  0.0000000E+00
3.00 0.0040 0.731     p31     31   1.9772704E-06  5.6817053E-06  3.7044349E-06  2.5040570E-06  1.6327374E-06  1.8572786E-01
3.00 0.0040 0.731     p32     32   2.7117222E-16  2.7117222E-16  0.0000000E+00  1.1951177E-16  0.0000000E+00  0.0000000E+00
3.00 0.0040 0.731     p33     33   1.5060567E-39  1.5060567E-39  0.0000000E+00  6.6375304E-40  0.0000000E+00  0.0000000E+00
3.00 0.0040 0.731     p34     34   0.0000000E+00  0.0000000E+00  0.0000000E+00  0.0000000E+00  0.0000000E+00  0.0000000E+00
3.00 0.0040 0.731     s32     32  -3.2760145E-06  1.7652681E-04  1.7980282E-04  7.7799385E-05  7.9248472E-05 -8.0147218E-03
3.00 0.0040 0.731     s33     33   1.2403007E-07  1.5876481E-06  1.4636180E-06  6.9971264E-07  6.4509271E-07  3.5297610E-02
3.00 0.0040 0.731     s34     34   1.4049874E-08  8.4880478E-05  8.4866428E-05  3.7408761E-05  3.7405054E-05  4.3020351E-05
3.00 0.0040 0.731     s35     35   2.4224249E-07  2.4224249E-07  0.0000000E+00  1.0676178E-07  0.0000000E+00  0.0000000E+00
3.00 0.0040 0.731    fe54     54  -2.4478868E-06  2.9947667E-05  3.2395554E-05  1.3198619E-05  1.4278407E-05 -3.4151278E-02
3.00 0.0040 0.731    fe55     55   1.9162884E-07  1.9162884E-07  0.0000000E+00  8.4455195E-08  0.0000000E+00  0.0000000E+00
3.00 0.0040 0.731    fe56     56  -2.5992864E-05  5.0518429E-04  5.3117715E-04  2.2264622E-04  2.3411745E-04 -2.1818461E-02
3.00 0.0040 0.731    fe57     57   4.0969489E-06  1.7069589E-05  1.2972640E-05  7.5229568E-06  5.7177185E-06  1.1916579E-01
3.00 0.0040 0.731    fe58     58   1.1935143E-05  1.3615017E-05  1.6798738E-06  6.0004481E-06  7.4040793E-07  9.0871263E-01
3.00 0.0040 0.731    fe59     59   6.1135639E-39  6.1135639E-39  0.0000000E+00  2.6943873E-39  0.0000000E+00  0.0000000E+00
3.00 0.0040 0.731    fe60     60   1.7557379E-06  1.7557379E-06  0.0000000E+00  7.7379366E-07  0.0000000E+00  0.0000000E+00
3.00 0.0040 0.731    fe61     61   0.0000000E+00  0.0000000E+00  0.0000000E+00  0.0000000E+00  0.0000000E+00  0.0000000E+00
3.00 0.0040 0.731    co59     59   3.3570682E-06  4.8828779E-06  1.5258096E-06  2.1519954E-06  6.7250380E-07  5.0514662E-01
3.00 0.0040 0.731    co60     60   6.1706894E-12  6.1706894E-12  0.0000000E+00  2.7195633E-12  0.0000000E+00  0.0000000E+00
3.00 0.0040 0.731    co61     61   0.0000000E+00  0.0000000E+00  0.0000000E+00  0.0000000E+00  0.0000000E+00  0.0000000E+00
3.00 0.0040 0.731    ni58     58  -1.7437851E-06  2.0720430E-05  2.2464215E-05  9.1319653E-06  9.9011504E-06 -3.5121404E-02
3.00 0.0040 0.731    ni59     59   4.6853792E-09  4.6853792E-09  0.0000000E+00  2.0649533E-09  0.0000000E+00  0.0000000E+00
3.00 0.0040 0.731    ni60     60   9.2857226E-07  9.8254905E-06  8.8969182E-06  4.3303176E-06  3.9213351E-06  4.3085817E-02
3.00 0.0040 0.731    ni61     61   1.0805398E-05  1.1195878E-05  3.9047933E-07  4.9342784E-06  1.7210458E-07  1.4574312E+00
3.00 0.0040 0.731    ni62     62  -1.2593031E-06  2.0815558E-09  1.2613847E-06  9.1738905E-10  5.5595797E-07 -2.7824883E+00
2.00 0.0001 0.685       g      1   2.1369280E-07  2.1406549E-07  3.7269046E-10  1.6278744E-07  2.8343647E-10  2.7591650E+00
2.00 0.0001 0.685       n      1   0.0000000E+00  0.0000000E+00  0.0000000E+00  0.0000000E+00  0.0000000E+00  0.0000000E+00
2.00 0.0001 0.685       p      1  -1.7051482E-01  8.4183156E-01  1.0123464E+00  6.4017606E-01  7.6990402E-01 -8.0137163E-02
2.00 0.0001 0.685       d      2   8.1660742E-18  8.1660742E-18  0.0000000E+00  6.2099422E-18  0.0000000E+00  0.0000000E+00
2.00 0.0001 0.685     he3      3   1.9861861E-04  1.9861861E-04  0.0000000E+00  1.5104076E-04  0.0000000E+00  0.0000000E+00
2.00 0.0001 0.685     he4      4   1.2860647E-01  4.3103492E-01  3.0242845E-01  3.2778320E-01  2.3000120E-01  1.5385659E-01
2.00 0.0001 0.685     li7      7  -2.3823754E-09  7.0569557E-11  2.4529450E-09  5.3665059E-11  1.8655000E-09 -1.5411036E+00
2.00 0.0001 0.685     be7      7   1.4892113E-13  1.4892113E-13  0.0000000E+00  1.1324801E-13  0.0000000E+00  0.0000000E+00
2.00 0.0001 0.685      b8      8   8.2841493E-29  8.2841493E-29  0.0000000E+00  6.2997331E-29  0.0000000E+00  0.0000000E+00
2.00 0.0001 0.685     c12     12   3.2719489E-02  3.2739423E-02  1.9934243E-05  2.4896899E-02  1.5160279E-05  3.2154381E+00
2.00 0.0001 0.685     c13     13   1.4152461E-06  1.6551573E-06  2.3991123E-07  1.2586747E-06  1.8245595E-07  8.3875549E-01
2.00 0.0001 0.685     c14     14   3.3487911E-08  3.3487911E-08  0.0000000E+00  2.5466091E-08  0.0000000E+00  0.0000000E+00
2.00 0.0001 0.685     n13     13   0.0000000E+00  0.0000000E+00  0.0000000E+00  0.0000000E+00  0.0000000E+00  0.0000000E+00
2.00 0.0001 0.685     n14     14   6.7320274E-05  7.4583513E-05  7.2632397E-06  5.6717498E-05  5.5237988E-06  1.0114793E+00
2.00 0.0001 0.685     n15     15   1.0672780E-08  3.9356802E-08  2.8684022E-08  2.9929126E-08  2.1814614E-08  1.3734649E-01
2.00 0.0001 0.685     o14     14   0.0000000E+00  0.0000000E+00  0.0000000E+00  0.0000000E+00  0.0000000E+00  0.0000000E+00
2.00 0.0001 0.685     o15     15   0.0000000E+00  0.0000000E+00  0.0000000E+00  0.0000000E+00  0.0000000E+00  0.0000000E+00
2.00 0.0001 0.685     o16     16   9.5160876E-04  1.0146917E-03  6.3082894E-05  7.7162863E-04  4.7975449E-05  1.2063893E+00
2.00 0.0001 0.685     o17     17   1.0089616E-06  1.0345183E-06  2.5556648E-08  7.8670587E-07  1.9436200E-08  1.6072011E+00
2.00 0.0001 0.685     o18     18  -6.5855993E-08  7.6615414E-08  1.4247141E-07  5.8262671E-08  1.0835156E-07 -2.6944476E-01
2.00 0.0001 0.685     o19     19   0.0000000E+00  0.0000000E+00  0.0000000E+00  0.0000000E+00  0.0000000E+00  0.0000000E+00
2.00 0.0001 0.685     f17     17   0.0000000E+00  0.0000000E+00  0.0000000E+00  0.0000000E+00  0.0000000E+00  0.0000000E+00
2.00 0.0001 0.685     f18     18   0.0000000E+00  0.0000000E+00  0.0000000E+00  0.0000000E+00  0.0000000E+00  0.0000000E+00
2.00 0.0001 0.685     f19     19   1.2919508E-05  1.2922172E-05  2.6635858E-09  9.8267465E-06  2.0256954E-09  3.6858356E+00
2.00 0.0001 0.685     f20     20   0.0000000E+00  0.0000000E+00  0.0000000E+00  0.0000000E+00  0.0000000E+00  0.0000000E+00
2.00 0.0001 0.685    ne19     19   0.0000000E+00  0.0000000E+00  0.0000000E+00  0.0000000E+00  0.0000000E+00  0.0000000E+00
2.00 0.0001 0.685    ne20     20   1.4346154E-04  1.5410979E-04  1.0648242E-05  1.1719375E-04  8.0981417E-06  1.1605191E+00
2.00 0.0001 0.685    ne21     21   3.9411962E-06  3.9683368E-06  2.7140850E-08  3.0177466E-06  2.0641007E-08  2.1649518E+00
2.00 0.0001 0.685    ne22     22   7.3316116E-03  7.3324679E-03  8.5633928E-07  5.5760210E-03  6.5125835E-07  3.9325712E+00
2.00 0.0001 0.685    ne23     23   0.0000000E+00  0.0000000E+00  0.0000000E+00  0.0000000E+00  0.0000000E+00  0.0000000E+00
2.00 0.0001 0.685    na21     21   0.0000000E+00  0.0000000E+00  0.0000000E+00  0.0000000E+00  0.0000000E+00  0.0000000E+00
2.00 0.0001 0.685    na22     22   3.0456206E-23  3.0456206E-23  0.0000000E+00  2.3160612E-23  0.0000000E+00  0.0000000E+00
2.00 0.0001 0.685    na23     23   2.2546785E-04  2.2568747E-04  2.1962353E-07  1.7162545E-04  1.6702687E-07  3.0117953E+00
2.00 0.0001 0.685    na24     24   0.0000000E+00  0.0000000E+00  0.0000000E+00  0.0000000E+00  0.0000000E+00  0.0000000E+00
2.00 0.0001 0.685    mg23     23   0.0000000E+00  0.0000000E+00  0.0000000E+00  0.0000000E+00  0.0000000E+00  0.0000000E+00
2.00 0.0001 0.685    mg24     24   7.9025893E-05  8.2412509E-05  3.3866199E-06  6.2671104E-05  2.5755735E-06  1.3861934E+00
2.00 0.0001 0.685    mg25     25   7.6449112E-05  7.6894190E-05  4.4507937E-07  5.8474667E-05  3.3848926E-07  2.2374229E+00
2.00 0.0001 0.685    mg26     26   9.1725742E-05  9.2236267E-05  5.1052285E-07  7.0141643E-05  3.8825999E-07  2.2568533E+00
2.00 0.0001 0.685    mg27     27   0.0000000E+00  0.0000000E+00  0.0000000E+00  0.0000000E+00  0.0000000E+00  0.0000000E+00
2.00 0.0001 0.685    al25     25   0.0000000E+00  0.0000000E+00  0.0000000E+00  0.0000000E+00  0.0000000E+00  0.0000000E+00
2.00 0.0001 0.685    al-6     26   2.7818933E-08  2.7818933E-08  0.0000000E+00  2.1155081E-08  0.0000000E+00  0.0000000E+00
2.00 0.0001 0.685    al*6     26   0.0000000E+00  0.0000000E+00  0.0000000E+00  0.0000000E+00  0.0000000E+00  0.0000000E+00
2.00 0.0001 0.685    al27     27   2.4618021E-06  2.8437198E-06  3.8191780E-07  2.1625244E-06  2.9045401E-07  8.7188363E-01
2.00 0.0001 0.685    al28     28   0.0000000E+00  0.0000000E+00  0.0000000E+00  0.0000000E+00  0.0000000E+00  0.0000000E+00
2.00 0.0001 0.685    si27     27   0.0000000E+00  0.0000000E+00  0.0000000E+00  0.0000000E+00  0.0000000E+00  0.0000000E+00
2.00 0.0001 0.685    si28     28   1.3208482E-06  5.6176200E-06  4.2967717E-06  4.2719544E-06  3.2677567E-06  1.1637687E-01
2.00 0.0001 0.685    si29     29   8.8771614E-08  3.1419060E-07  2.2541899E-07  2.3892821E-07  1.7143438E-07  1.4416952E-01
2.00 0.0001 0.685    si30     30   9.1365592E-08  2.4613468E-07  1.5476908E-07  1.8717465E-07  1.1770411E-07  2.0145538E-01
2.00 0.0001 0.685    si31     31   0.0000000E+00  0.0000000E+00  0.0000000E+00  0.0000000E+00  0.0000000E+00  0.0000000E+00
2.00 0.0001 0.685    si32     32   3.4993610E-15  3.4993610E-15  0.0000000E+00  2.6611109E-15  0.0000000E+00  0.0000000E+00
2.00 0.0001 0.685    si33     33   0.0000000E+00  0.0000000E+00  0.0000000E+00  0.0000000E+00  0.0000000E+00  0.0000000E+00
2.00 0.0001 0.685     p29     29   0.0000000E+00  0.0000000E+00  0.0000000E+00  0.0000000E+00  0.0000000E+00  0.0000000E+00
2.00 0.0001 0.685     p30     30   0.0000000E+00  0.0000000E+00  0.0000000E+00  0.0000000E+00  0.0000000E+00  0.0000000E+00
2.00 0.0001 0.685     p31     31   1.2976381E-07  1.8342506E-07  5.3661257E-08  1.3948673E-07  4.0810161E-08  5.3376460E-01
2.00 0.0001 0.685     p32     32   8.9331991E-19  8.9331991E-19  0.0000000E+00  6.7933071E-19  0.0000000E+00  0.0000000E+00
2.00 0.0001 0.685     p33     33   0.0000000E+00  0.0000000E+00  0.0000000E+00  0.0000000E+00  0.0000000E+00  0.0000000E+00
2.00 0.0001 0.685     p34     34   0.0000000E+00  0.0000000E+00  0.0000000E+00  0.0000000E+00  0.0000000E+00  0.0000000E+00
2.00 0.0001 0.685     s32     32  -2.0145535E-08  2.5844208E-06  2.6045664E-06  1.9653389E-06  1.9808103E-06 -3.4054399E-03
2.00 0.0001 0.685     s33     33   3.7756429E-09  2.4977146E-08  2.1201503E-08  1.8994026E-08  1.6124050E-08  7.1142904E-02
2.00 0.0001 0.685     s34     34   4.4110493E-10  1.2297891E-06  1.2293480E-06  9.3520077E-07  9.3493685E-07  1.2257864E-04
2.00 0.0001 0.685     s35     35   6.2281922E-09  6.2281922E-09  0.0000000E+00  4.7362678E-09  0.0000000E+00  0.0000000E+00
2.00 0.0001 0.685    fe54     54  -5.1238658E-08  4.1803298E-07  4.6927164E-07  3.1789580E-07  3.5688785E-07 -5.0246991E-02
2.00 0.0001 0.685    fe55     55   8.5585867E-09  8.5585867E-09  0.0000000E+00  6.5084307E-09  0.0000000E+00  0.0000000E+00
2.00 0.0001 0.685    fe56     56  -4.5921979E-07  7.2352436E-06  7.6944634E-06  5.5020860E-06  5.8517503E-06 -2.6758403E-02
2.00 0.0001 0.685    fe57     57   1.1107193E-07  2.9898945E-07  1.8791752E-07  2.2736839E-07  1.4291398E-07  2.0165540E-01
2.00 0.0001 0.685    fe58     58   1.9055639E-07  2.1489051E-07  2.4334117E-08  1.6341482E-07  1.8506446E-08  9.4596845E-01
2.00 0.0001 0.685    fe59     59   0.0000000E+00  0.0000000E+00  0.0000000E+00  0.0000000E+00  0.0000000E+00  0.0000000E+00
2.00 0.0001 0.685    fe60     60   7.0368857E-09  7.0368857E-09  0.0000000E+00  5.3512439E-09  0.0000000E+00  0.0000000E+00
2.00 0.0001 0.685    fe61     61   0.0000000E+00  0.0000000E+00  0.0000000E+00  0.0000000E+00  0.0000000E+00  0.0000000E+00
2.00 0.0001 0.685    co59     59   4.1280117E-08  6.3382508E-08  2.2102391E-08  4.8199624E-08  1.6809187E-08  4.5749694E-01
2.00 0.0001 0.685    co60     60   2.4729113E-14  2.4729113E-14  0.0000000E+00  1.8805409E-14  0.0000000E+00  0.0000000E+00
2.00 0.0001 0.685    co61     61   0.0000000E+00  0.0000000E+00  0.0000000E+00  0.0000000E+00  0.0000000E+00  0.0000000E+00
2.00 0.0001 0.685    ni58     58  -3.6706808E-08  2.8870267E-07  3.2540947E-07  2.1954574E-07  2.4747860E-07 -5.2012637E-02
2.00 0.0001 0.685    ni59     59   4.1259779E-10  4.1259779E-10  0.0000000E+00  3.1376257E-10  0.0000000E+00  0.0000000E+00
2.00 0.0001 0.685    ni60     60   1.6482304E-08  1.4536022E-07  1.2887791E-07  1.1054009E-07  9.8013501E-08  5.2233875E-02
2.00 0.0001 0.685    ni61     61   2.1883271E-07  2.2448907E-07  5.6563589E-09  1.7071412E-07  4.3017425E-09  1.5986251E+00
2.00 0.0001 0.685    ni62     62  -1.8209542E-08  6.2472610E-11  1.8272015E-08  4.7507685E-11  1.3896132E-08 -2.4661300E+00
