#Chemical Yields (solar masses)
#Z=0.04 
#M/Msun    H        Elio     Litio      C12       C13       N14       O16       O17       O18       F19       NE20      NE22      NA23     MG24       MG25      MG26     AL26       AL27      SI28     Mf
         0.702      0.30     1e-8      6.92e-3  9.96e-5   2.02e-3   1.87e-2   7.20e-06  3.90e-05  1.00e-06  4.20e-03  2.71e-04  8.32e-05  1.60e-03      -         -        -      1.44e-04  1.76e-03  
  7.00 -5.22e-01  5.18D-01  1.25D-07 -3.72D-02  5.29D-04  6.28D-02 -2.27D-02  2.62D-04 -2.32D-04 -3.13D-06  2.99D-06 -1.24D-03  1.31D-03 -1.53D-04  1.66D-04  2.45D-07  1.02D-06  3.27D-07  6.92D-06  1.05
  6.50 -4.38e-01  4.35D-01  1.03D-07 -3.44D-02  4.94D-04  5.69D-02 -1.97D-02  2.19D-04 -2.14D-04 -2.76D-06 -9.92D-08 -1.14D-03  1.20D-03 -8.70D-05  9.66D-05  1.57D-07  6.48D-07  3.28D-07  5.80D-06  1.03
  6.00 -3.53e-01  3.50D-01  9.16D-08 -3.14D-02  4.35D-04  5.12D-02 -1.71D-02  1.70D-04 -1.95D-04 -2.52D-06 -1.30D-05 -1.03D-03  1.10D-03 -5.58D-05  6.19D-05  1.40D-07  5.42D-07  3.23D-07  4.70D-06  0.97
  5.50 -2.65e-01  2.62D-01  5.51D-08 -2.89D-02  2.76D-04  4.59D-02 -1.41D-02  1.52D-04 -1.77D-04 -2.59D-06 -6.74D-07 -9.87D-04  1.04D-03 -3.59D-05  4.11D-05  9.41D-08  3.60D-07  2.27D-07  3.48D-06  0.94
  5.00 -1.91e-01  1.88D-01  6.02D-08 -2.57D-02  3.10D-04  3.93D-02 -1.09D-02  1.29D-04 -1.58D-04 -1.95D-06 -7.33D-06 -7.88D-04  7.92D-04 -1.48D-05  1.76D-05  3.93D-08  1.44D-07  1.98D-07  2.46D-06  0.90
  4.50 -1.12e-01  1.09D-01  3.85D-08 -2.25D-02  2.56D-04  3.27D-02 -7.61D-03  9.98D-05 -1.38D-04 -1.45D-06 -4.13D-06 -5.81D-04  5.87D-04 -5.59D-06  7.20D-06  1.49D-08  5.12D-08  1.09D-07  1.45D-06  0.88
  4.00 -8.63D-02  8.38D-02  2.82D-08 -1.92D-02  2.16D-04  2.71D-02 -5.57D-03  7.31D-05 -1.17D-04 -6.99D-07 -2.10D-06 -4.63D-04  4.72D-04 -1.03D-07  1.13D-06  3.56D-09  1.31D-08  9.51D-08  9.51D-07  0.84
  3.50 -9.61e-02  8.19D-02  8.83D-10  3.78D-03  6.12D-04  1.06D-02 -3.92D-03  8.54D-05 -3.23D-05  2.32D-05  2.12D-05  1.79D-03  4.35D-05 -1.25D-05  1.24D-04  6.98D-05  1.85D-06  7.49D-05  9.73D-04  0.79
  3.00 -7.89D-02  6.57D-02  4.50D-11  5.03D-03  2.91D-04  8.25D-03 -2.41D-03  9.72D-05 -2.35D-05  2.57D-06 -7.88D-07  1.78D-03  3.48D-05 -8.11D-06  6.62D-05  4.27D-05  1.17D-07  7.69D-06  1.03D-06  0.74
  2.50 -4.94D-02  4.25D-02  5.54D-11  1.06D-03  2.29D-04  6.05D-03 -1.44D-03  1.18D-04 -1.81D-05  2.09D-06 -2.79D-06  8.20D-04  1.53D-05 -2.03D-06  1.88D-05  1.46D-05  4.92D-09  1.21D-06  6.55D-07  0.70
  2.00 -4.40D-02  2.92D-03 -6.46D-12  1.22D-03  1.34D-06  8.13D-05 -2.01D-05  3.43D-08  2.18D-09  1.28D-06 -1.41D-06  1.88D-04  3.93D-06 -9.30D-08  1.92D-06  1.99D-06  8.89D-09  4.58D-08  1.14D-07  0.67
  1.50 -1.04D-03  1.03D-04 -4.22D-12  0.00D-00  1.91D-06  1.54D-05 -6.87D-06  1.79D-08  1.69D-11  5.69D-07 -5.39D-08  0.00D-00  0.00D-00  0.00D-00  0.00D-00  0.00D-00  1.19D-10  0.00D-00  0.00D-00  0.63
  
  


#Z=Zsun (0.018)
#M/Msun    H        Elio     Litio      C12       C13       N14       O16       O17       O18       F19       NE20      NE22      NA23     MG24       MG25      MG26     AL26       AL27      SI28     Mf
         0.702      0.28     1e-8      3.11e-3  3.11e-5   9.07e-4   8.42e-3      -         -       4.5e-7   1.89e-3      -      3.75e-5   7.2e-4       -         -         -       6.5e-5    7.94e-4
  8.00 -6.07D-01  5.90D-01  1.31D-07 -1.88D-02  5.32D-04  3.30D-02 -1.25D-02  2.59D-04  8.03D-07 -1.99D-06  0.00D+00  1.44D-02  3.66D-05 -7.97D-04  9.34D-04  1.76D-06  4.70D-06  3.37D-06  5.67D-06  1.23
  7.50 -6.34D-01  6.33D-01  5.85D-08 -1.81D-02  4.06D-04  3.30D-02 -1.46D-02  2.22D-04  3.60D-07 -2.19D-06  0.00D+00  7.25D-06  3.10D-05 -7.23D-04  8.53D-04  1.70D-06  4.76D-06  7.66D-07  1.08D-05  1.15
  7.00 -5.66D-01  5.65D-01  2.80D-08 -1.69D-02  3.96D-04  3.17D-02 -1.41D-02  1.46D-04  1.16D-07 -2.08D-06  0.00D+00  5.56D-06  3.00D-05 -6.45D-04  6.62D-04  3.35D-06  9.11D-06  6.17D-06  4.63D-06  1.06
  6.50 -4.70D-01  4.69D-01  2.50D-09 -1.58D-02  3.05D-04  2.97D-02 -1.32D-02  1.27D-04  7.15D-08 -2.03D-06  0.00D+00  4.68D-06  2.37D-05 -5.24D-04  5.24D-04  2.97D-06  7.92D-06  6.31D-06  3.07D-06  1.02
  6.00 -3.65D-01  3.64D-01 -1.74D-08 -1.44D-02  2.87D-04  2.65D-02 -1.18D-02  1.08D-04  5.92D-08 -1.91D-06  0.00D+00  9.27D-06  2.95D-05 -3.70D-04  3.76D-04  4.51D-06  7.41D-06  8.16D-06  4.12D-06  0.96
  5.50 -3.24D-01  3.21D-01 -3.07D-08 -1.25D-02  2.96D-04  2.59D-02 -1.07D-02  8.59D-05  1.83D-08 -1.80D-06  0.00D+00  3.08D-05  5.24D-05 -2.14D-04  2.37D-04  9.37D-06  4.28D-06  1.68D-05  5.93D-06  0.93
  5.00 -2.36D-01  2.33D-01 -2.66D-08 -1.14D-02  2.60D-04  2.33D-02 -9.03D-03  7.25D-05  1.44D-08 -1.59D-06  0.00D+00  2.82D-05  6.83D-05 -1.22D-04  1.40D-04  8.30D-06  2.59D-06  1.44D-05  5.01D-06  0.91
  4.50 -1.52D-01  1.48D-01 -2.70D-08 -9.95D-03  2.51D-04  2.02D-02 -6.63D-03  5.84D-05  1.17D-08 -1.32D-06  0.00D+00  2.61D-05  9.40D-05 -5.21D-05  7.32D-05  8.59D-06  1.20D-06  1.39D-05  4.33D-06  0.88
  4.00 -5.44D-02  4.92D-02 -1.77D-08 -8.28D-03  2.75D-04  1.65D-02 -3.58D-03  4.73D-05  2.35D-08 -9.55D-07  4.15D-05  4.19D-05  1.32D-04 -3.09D-05  6.13D-05  1.30D-05  8.02D-07  2.42D-05  2.93D-06  0.84
  3.50 -4.84D-02  3.75D-02 -9.60D-09 -4.46D-03  4.48D-04  1.38D-02 -7.18D-04  3.31D-05  2.47D-08  1.47D-07  4.90D-04  2.55D-04  1.36D-04 -1.34D-05  8.55D-05  3.09D-05  3.44D-07  4.00D-05  8.21D-04  0.79
  3.00 -9.86D-02  7.91D-02 -2.33D-08  1.38D-02  1.28D-04  4.54D-03 -3.85D-04  2.92D-05 -1.25D-05  8.49D-07  0.00D+00  1.28D-03  2.19D-05  0.00D+00  7.71D-05  4.42D-05  2.01D-09  1.10D-05  0.00D+00  0.67
  2.50 -5.31D-02  3.84D-02 -1.80D-08  1.09D-02  8.51D-05  2.49D-03  2.20D-04  2.66D-05 -8.17D-06  2.01D-06  0.00D+00  9.11D-04  1.44D-05  0.00D+00  2.18D-05  1.62D-05  1.01D-09  0.00D+00  0.00D+00  0.63
  2.25 -5.53D-02  4.37D-02 -1.61D-08  8.22D-03  8.64D-05  2.63D-03 -1.11D-04  3.50D-05 -8.21D-06  1.40D-06  0.00D+00  7.06D-04  1.07D-05  0.00D+00  1.88D-05  1.37D-05  9.94D-10  0.00D+00  0.00D+00  0.63
  2.00 -3.49D-02  2.67D-02 -1.38D-08  5.69D-03  8.70D-05  1.65D-03  3.65D-04 -4.13D-08 -3.36D-07  1.14D-06  0.00D+00  3.53D-04  4.99D-06  0.00D+00  6.16D-06  5.18D-06  4.27D-10  0.00D+00  0.00D+00  0.62
  1.75 -3.00D-02  2.27D-02 -1.13D-08  5.17D-03  9.96D-05  1.35D-03  3.08D-04 -4.17D-08 -3.36D-07  1.16D-06  0.00D+00  3.32D-04  4.81D-06  0.00D+00  5.42D-06  4.64D-06  5.63D-10  0.00D+00  0.00D+00  0.61
  1.50 -1.99D-02  1.60D-02 -8.91D-09  2.59D-03  6.24D-05  8.76D-04  1.81D-04 -1.63D-08 -1.83D-07  7.97D-07  0.00D+00  1.52D-04  2.23D-06  0.00D+00  2.00D-06  1.88D-06  2.91D-10  0.00D+00  0.00D+00  0.61
  1.25 -1.49D-02  1.32D-02 -6.57D-09  9.90D-04  4.60D-05  5.20D-04  7.67D-05 -4.07D-10 -9.05D-08  4.77D-07  0.00D+00  5.58D-05  8.15D-07  0.00D+00  5.25D-07  5.62D-07  1.09D-10  0.00D+00  0.00D+00  0.59
  1.00 -8.98D-03  8.74D-03 -4.37D-09  0.00D+00  2.73D-05  2.13D-04 -4.25D-06  1.48D-08  1.26D-11  1.58D-07  0.00D+00  2.28D-10  0.00D+00  0.00D+00  1.72D-12  4.08D-13  7.15D-13  0.00D+00  0.00D+00  0.56
  
#Z=0.008
#M/Msun    H        Elio     Litio      C12       C13       N14       O16       O17       O18       F19       NE20      NE22     NA23      MG24       MG25      MG26     AL26       AL27      SI28     Mf
         0.732      0.26      1e-8    9.84e-4      -      2.89e-4   4.25e-3      -         -      2.16e-7   9.36e-4   5.42e-5   1.19e-5   3.63e-4   2.81e-5   3.22e-5      -      2.07e-5    4.e-4
  8.00 -7.02D-01  7.01D-01  1.90D-07 -5.86D-03  1.70D-04  1.49D-02 -8.81D-03  1.93D-04  2.82D-06 -2.92D-07  5.69D-05 -2.72D-04  3.37D-04 -1.09D-03  1.27D-03 -3.52D-06  6.78D-06  7.00D-05  8.40D-06  1.32
  7.50 -6.63D-01  6.63D-01 -3.38D-08 -5.63D-03  1.28D-04  1.52D-02 -9.89D-03  1.21D-04  4.12D-07 -5.16D-07  1.05D-04 -3.26D-04  2.80D-04 -1.16D-03  1.20D-03  4.06D-06  1.40D-05  7.50D-05  6.72D-06  1.24
  7.00 -5.87D-01  5.87D-01 -4.80D-09 -5.24D-03  1.22D-04  1.42D-02 -9.25D-03  1.02D-04  2.19D-07 -4.87D-07  7.74D-05 -3.01D-04  2.31D-04 -1.16D-03  1.13D-03  4.87D-06  1.66D-05  8.64D-05  6.15D-06  1.16
  6.50 -5.29D-01  5.29D-01 -3.16D-08 -4.72D-03  1.32D-04  1.37D-02 -8.96D-03  7.70D-05  1.33D-07 -4.62D-07  7.69D-05 -2.82D-04  2.26D-04 -1.04D-03  9.88D-04  8.90D-06  1.85D-05  8.74D-05  5.93D-06  1.06
  6.00 -4.58D-01  4.58D-01 -4.01D-08 -4.40D-03  9.76D-05  1.32D-02 -9.12D-03  5.75D-05  2.39D-08 -4.53D-07  5.57D-05 -2.58D-04  2.10D-04 -8.39D-04  7.78D-04  8.25D-06  1.90D-05  8.56D-05  5.07D-06  1.00
  5.50 -3.66D-01  3.66D-01 -3.67D-08 -3.81D-03  9.91D-05  1.26D-02 -8.76D-03  4.26D-05  3.38D-08 -3.94D-07  4.73D-05 -2.31D-04  1.99D-04 -6.43D-04  5.82D-04  4.82D-06  1.71D-05  8.04D-05  4.35D-06  0.96
  5.00 -2.55D-01  2.54D-01 -3.62D-08 -3.18D-03  9.65D-05  1.17D-02 -7.44D-03  3.53D-05  2.31D-08 -3.49D-07  3.59D-05 -2.04D-04  2.01D-04 -4.11D-04  3.73D-04  2.80D-06  1.27D-05  5.95D-05  5.31D-06  0.93
  4.50 -1.70D-01  1.67D-01 -2.93D-08 -2.44D-03  1.18D-04  1.08D-02 -5.67D-03  2.95D-05  1.54D-08 -2.97D-07  2.48D-05 -1.73D-04  2.03D-04 -2.08D-04  1.92D-04  4.51D-06  8.45D-06  4.15D-05  6.13D-06  0.91
  4.00 -9.04D-02  8.60D-02 -2.34D-08 -1.96D-03  1.17D-04  9.51D-03 -3.42D-03  2.44D-05  1.33D-08 -2.30D-07  1.64D-05 -1.40D-04  2.06D-04 -6.51D-05  6.79D-05  5.90D-06  4.27D-06  2.54D-05  7.03D-06  0.88
  3.50 -6.41D-02  5.57D-02 -1.62D-08 -8.42D-04  1.70D-04  9.11D-03 -4.66D-04  1.83D-05  1.36D-08 -9.46D-08  2.16D-04 -4.96D-05  1.94D-04 -7.52D-06  3.99D-05  1.71D-05  1.53D-06  2.69D-05  5.71D-06  0.84
  3.00 -6.63D-02  4.62D-02 -2.16D-08  1.65D-02  1.13D-06  1.10D-03  1.89D-03  1.47D-05  4.70D-09  2.31D-07  2.17D-06  4.63D-04  2.20D-05 -1.01D-05  5.22D-05  2.58D-05  3.53D-09  2.02D-05  0.00D+00  0.67
  2.50 -7.12D-02  5.01D-02 -1.80D-08  1.84D-02  1.27D-06  1.04D-03  9.11D-04  1.57D-05  5.32D-09  1.90D-06  0.00D+00  7.16D-04  2.65D-05  0.00D+00  8.10D-06  8.37D-06  3.56D-09  4.03D-06  0.00D+00  0.63
  2.25 -5.15D-02  4.32D-02 -1.60D-08  6.85D-03  3.53D-05  1.07D-03  1.40D-04  1.59D-05  3.30D-09  5.54D-07  0.00D+00  2.12D-04  1.53D-05  0.00D+00  3.29D-06  3.67D-06  3.70D-09  1.97D-06  0.00D+00  0.62
  2.00 -4.19D-02  3.44D-02 -1.38D-08  6.06D-03  2.15D-07  7.48D-04  4.70D-04  1.37D-08  9.44D-11  7.36D-07  0.00D+00  1.67D-04  1.10D-05  0.00D+00  3.02D-06  2.48D-06  4.60D-10  0.00D+00  0.00D+00  0.62
  1.75 -2.91D-02  2.50D-02 -1.13D-08  3.35D-03  2.44D-05  4.54D-04  2.17D-04  1.45D-07  8.09D-11  4.03D-07  0.00D+00  8.70D-05  1.74D-06  0.00D+00  1.38D-06  1.20D-06  4.29D-10  0.00D+00  0.00D+00  0.62
  1.50 -2.43D-02  2.16D-02 -9.00D-09  2.20D-03  1.99D-05  3.17D-04  1.30D-04  8.47D-09  1.52D-10  3.21D-07  0.00D+00  5.41D-05  1.29D-06  0.00D+00  4.67D-07  4.71D-07  2.45D-10  0.00D+00  0.00D+00  0.60
  1.25 -1.68D-02  1.51D-02 -6.60D-09  1.42D-03  1.44D-05  1.79D-04  7.11D-05  2.38D-08  2.40D-10  1.53D-07  0.00D+00  3.42D-05  7.13D-07  0.00D+00  2.18D-07  2.47D-07  1.25D-10  0.00D+00  0.00D+00  0.59
  1.00 -8.35D-03  8.34D-03 -4.17D-09 -6.55D-05  8.38D-06  6.76D-05  0.00D+00  0.00D+00  0.00D+00  0.00D+00  0.00D+00  0.00D+00  0.00D+00  0.00D+00  0.00D+00  0.00D+00  0.00D+00  0.00D+00  0.00D+00  0.58

#Z=0.004
#M/Msun    H        Elio     Litio      C12       C13       N14       O16       O17       O18       F19       NE20      NE22     NA23      MG24       MG25      MG26     AL26       AL27      SI28     Mf
         0.736      0.26      1e-8    4.92e-4      -      1.45e-4   2.12e-3      -         -      1.08e-7   4.68e-4   2.71e-5   6.0e-6    1.82e-4   1.41e-5   1.61e-5      -      1.04e-5    2.e-4
  7.50 -6.67D-01  6.67D-01 -4.55D-08 -2.74D-03  7.57D-05  8.51D-03 -6.24D-03  6.54D-05  3.61D-07 -2.63D-07  7.44D-05 -1.63D-04  9.29D-05 -8.72D-04  8.15D-04 -2.08D-05  7.80D-06  1.05D-04  1.46D-05  1.28
  7.00 -5.88D-01  5.88D-01 -4.93D-08 -2.57D-03  6.77D-05  8.13D-03 -6.06D-03  4.98D-05  1.59D-07 -2.52D-07  7.12D-05 -1.53D-04  8.13D-05 -8.23D-04  7.60D-04 -1.39D-05  9.00D-06  1.01D-04  1.19D-05  1.19
  6.50 -5.19D-01  5.19D-01 -4.66D-08 -2.40D-03  6.42D-05  7.87D-03 -5.97D-03  3.78D-05  9.98D-08 -2.37D-07  6.43D-05 -1.43D-04  3.63D-04 -7.78D-04  7.00D-04 -7.33D-06  1.04D-05  1.07D-04  9.61D-06  1.10
  6.00 -4.81D-01  4.80D-01 -4.31D-08 -2.03D-03  8.60D-05  7.99D-03 -5.57D-03  2.82D-05  2.66D-08 -2.29D-07  5.79D-05 -1.29D-04  7.05D-05 -7.14D-04  6.35D-04 -1.57D-06  1.19D-05  1.09D-04  7.63D-06  1.03
  5.50 -4.17D-01  4.17D-01 -4.05D-08 -1.83D-03  6.12D-05  7.23D-03 -5.53D-03  2.06D-05  1.09D-08 -2.08D-07  4.77D-05 -1.10D-04  7.00D-05 -5.95D-04  5.16D-04  1.48D-06  1.23D-05  1.07D-04  5.50D-06  0.99
  5.00 -3.26D-01  3.22D-01 -3.65D-08 -8.66D-04  1.29D-04  9.40D-03 -4.59D-03  1.59D-05  5.93D-09 -1.85D-07  4.57D-05 -8.87D-05  9.77D-05 -4.23D-04  3.71D-04  4.11D-06  1.13D-05  8.68D-05  6.93D-06  0.94
  4.50 -2.38D-01  2.32D-01 -3.14D-08 -6.51D-04  1.41D-04  9.82D-03 -3.37D-03  1.43D-05  4.09D-09 -9.67D-08  4.38D-05 -7.03D-05  1.77D-04 -2.21D-04  2.43D-04  1.43D-05  8.07D-06  5.54D-05  7.12D-06  0.90
  4.00 -1.49D-01  1.40D-01 -2.80D-08 -2.28D-04  1.46D-04  1.01D-02 -1.23D-03  1.44D-05  3.37D-09 -1.28D-07  2.89D-05 -5.95D-05  1.39D-04 -6.38D-05  8.35D-05  9.33D-06  3.35D-06  3.23D-05  7.58D-06  0.87
  3.50 -7.05D-02  6.13D-02 -1.83D-08  3.26D-04  1.42D-04  8.51D-03  2.58D-05  1.20D-05  2.65D-09 -8.42D-08  3.97D-05 -2.30D-05  1.46D-04 -9.28D-06  3.48D-05  1.18D-05  1.50D-06  1.97D-05  6.42D-06  0.85
  3.00 -6.78D-02  4.37D-02 -2.25D-08  1.83D-02  7.91D-07  6.27D-04  4.57D-03  9.29D-06  1.98D-09  4.94D-08  8.25D-05  2.24D-04  1.36D-05 -6.41D-06  1.29D-04  4.19D-05  2.01D-09  7.38D-05  3.72D-06  0.75
  2.50 -8.27D-02  5.20D-02 -1.84D-08  2.55D-02  1.42D-05  6.43D-04  3.66D-03  9.93D-06  2.14D-09  3.21D-07  1.11D-05  7.25D-04  1.68D-05  0.00D+00  6.94D-05  3.53D-05  2.39D-09  2.03D-05  0.00D+00  0.64
  2.00 -7.90D-02  4.61D-02 -1.38D-08  2.60D-02  1.30D-05  4.19D-04  5.19D-03  1.07D-05  2.52D-09  2.89D-06  2.13D-06  1.20D-03  2.18D-05  0.00D+00  1.64D-05  1.54D-05  1.93D-09  3.35D-06  0.00D+00  0.63
  1.75 -3.56D-02  3.00D-02 -1.16D-08  4.88D-03  1.22D-05  2.47D-04  3.76D-04  1.09D-06  2.97D-10  1.52D-07  1.06D-06  7.63D-05  1.05D-06  0.00D+00  1.44D-06  1.17D-06  2.66D-10  4.06D-07  0.00D+00  0.62
  1.50 -3.26D-02  2.60D-02 -9.24D-09  5.82D-03  1.01D-05  1.72D-04  4.99D-04  9.52D-07  3.71D-10  4.52D-07  0.00D+00  1.26D-04  1.76D-06  0.00D+00  8.13D-07  8.53D-07  7.79D-11  5.16D-08  0.00D+00  0.58
  1.25 -1.91D-02  1.65D-02 -6.71D-09  2.34D-03  7.38D-06  9.57D-05  1.23D-04  5.88D-07  2.71D-10  1.48D-07  0.00D+00  3.77D-05  6.79D-07  0.00D+00  2.44D-07  2.51D-07  7.92D-11  2.39D-08  0.00D+00  0.58
  1.00 -1.10D-02  1.01D-02 -4.47D-09  8.33D-04  4.56D-06  4.10D-05  4.23D-05  6.82D-07  3.58D-10  5.10D-08  0.00D+00  1.25D-05  2.49D-07  0.00D+00  4.92D-08  5.64D-08  3.71D-11  5.67D-09  0.00D+00  0.56
  
#Z=0.001
#M/Msun    H        Elio     Litio      C12       C13       N14       O16       O17       O18       F19       NE20      NE22     NA23      MG24       MG25      MG26     AL26       AL27      SI28     Mf
         0.749      0.25      1e-8    8.49e-5      -      2.49e-5   5.8e-4    2.02e-7   1.13e-6    1.2e-8   1.28e-4   6.77e-6   1.03e-6   4.97e-5   3.52e-6   4.03e-3      -      1.78e-6   5.47e-5    
  7.50 -7.24D-01  7.23D-01 -3.86D-08 -3.89D-04  3.23D-05  3.07D-03 -2.10D-03  1.89D-05 -6.55D-06 -5.76D-08  3.90D-05 -3.99D-05  2.79D-05 -2.77D-04  2.48D-04 -1.29D-05  1.57D-06  4.69D-05  3.24D-05  1.29
  7.00 -6.73D-01  6.73D-01 -5.49D-08 -3.91D-04  2.44D-05  2.86D-03 -2.47D-03  1.34D-05 -6.43D-06 -6.31D-08  3.68D-05 -3.81D-05  1.01D-05 -2.77D-04  2.19D-04  1.21D-05  1.85D-06  6.49D-05  3.18D-05  1.21
  6.50 -6.06D-01  6.06D-01 -5.02D-08 -3.68D-04  2.14D-05  2.59D-03 -2.41D-03  5.84D-06 -5.99D-06 -5.94D-08  2.73D-05 -3.55D-05  5.86D-06 -2.58D-04  1.92D-04 -1.30D-05  1.85D-06  6.94D-05  3.25D-05  1.13
  6.00 -5.49D-01  5.49D-01 -4.59D-08 -3.39D-04  1.96D-05  2.49D-03 -2.37D-03  3.23D-06 -5.55D-06 -5.61D-08  2.43D-05 -3.28D-05  4.33D-06 -2.39D-04  1.58D-04 -1.09D-05  1.97D-06  8.19D-05  3.25D-05  1.04
  5.50 -4.64D-01  4.64D-01 -4.29D-08 -3.02D-04  1.86D-05  2.39D-03 -2.25D-03  1.59D-06 -5.06D-06 -5.18D-08  2.18D-05 -2.99D-05  4.27D-06 -2.16D-04  1.27D-04 -7.22D-06  1.87D-06  9.03D-05  2.78D-05  0.99
  5.00 -3.58D-01  3.57D-01 -3.87D-08 -2.42D-04  2.25D-05  2.92D-03 -1.97D-03  1.26D-06 -4.54D-06 -4.61D-08  1.97D-05 -2.68D-05  6.69D-06 -1.90D-04  1.02D-04 -2.66D-06  2.08D-06  9.20D-05  1.74D-05  0.95
  4.50 -2.52D-01  2.50D-01 -3.45D-08 -1.02D-04  3.64D-05  3.51D-03 -1.47D-03  1.69D-06 -3.98D-06 -3.90D-08  1.76D-05 -2.29D-05  1.13D-05 -1.56D-04  9.88D-05  2.10D-07  2.56D-06  6.67D-05  5.91D-06  0.92
  4.00 -1.62D-01  1.58D-01 -2.94D-08  8.38D-05  3.86D-05  4.33D-03 -6.97D-04  3.16D-06 -3.39D-06 -2.99D-08  1.38D-05 -1.85D-05  2.27D-05 -8.74D-05  7.23D-05  5.73D-07  2.39D-06  2.62D-05  1.73D-06  0.89
  3.50 -6.94D-02  6.38D-02 -2.37D-08  2.88D-04  7.96D-05  4.79D-03  3.57D-04  4.77D-06 -2.74D-06 -1.71D-08  1.27D-05 -1.25D-05  3.14D-05 -1.10D-05  1.68D-05  1.88D-06  7.09D-07  7.18D-06  1.52D-06  0.87
  3.00 -2.01D-02  1.45D-02 -1.81D-08  2.88D-03  4.19D-04  1.10D-03  1.15D-03  4.98D-06 -1.86D-06  2.97D-08  1.87D-05  1.24D-05  3.25D-06 -5.03D-07  9.18D-06  2.90D-06  5.38D-09  4.63D-06  1.33D-06  0.83
  2.50 -6.29D-02  3.49D-02 -1.79D-08  2.24D-02  3.75D-07  8.97D-05  4.79D-03  8.63D-06 -6.98D-07  1.74D-08  3.99D-05  4.52D-04  7.30D-06 -1.20D-06  1.04D-04  3.95D-05  9.70D-10  4.22D-05  1.93D-06  0.71
  2.00 -7.04D-02  4.83D-02 -1.33D-08  1.96D-02  1.80D-06  9.93D-05  1.70D-03  8.53D-06 -5.88D-07  6.14D-07  1.79D-06  6.18D-04  8.37D-06  0.00D+00  1.39D-05  1.08D-05  7.51D-10  2.56D-06  0.00D+00  0.64
  1.75 -3.65D-02  2.16D-02 -1.12D-08  1.20D-02  1.98D-06  4.44D-05  2.59D-03  6.15D-07 -9.71D-08  8.47D-08  6.95D-06  2.03D-04  1.79D-06  0.00D+00  1.17D-05  7.17D-06  5.48D-10  3.55D-06  0.00D+00  0.63
  1.50 -3.05D-02  1.97D-02 -9.07D-09  9.66D-03  1.72D-06  2.80D-05  1.01D-03  2.28D-07 -4.92D-08  2.44D-07  0.00D+00  1.14D-04  1.08D-06  0.00D+00  1.75D-06  1.38D-06  4.41D-10  6.08D-07  0.00D+00  0.60
  1.25 -1.58D-02  1.19D-02 -6.69D-09  3.61D-03  1.27D-06  2.07D-05  2.27D-04  3.01D-07 -3.12D-08  1.40D-07  0.00D+00  3.16D-05  5.16D-07  0.00D+00  8.43D-08  1.09D-07  4.41D-10  1.56D-07  0.00D+00  0.58
  1.00 -7.81D-03  6.50D-03 -4.36D-09  1.24D-03  7.76D-07  6.91D-06  5.64D-05  1.67D-07 -1.51D-08  3.22D-08  0.00D+00  5.93D-06  2.03D-07  0.00D+00 -5.22D-09  4.85D-09  3.40D-10  5.21D-08  0.00D+00  0.57
  
#Z=0.0003
#M/Msun    H        Elio     Litio      C12       C13       N14       O16       O17       O18       F19       NE20      NE22     NA23      MG24       MG25      MG26     AL26       AL27      SI28     Mf
         0.7497     0.25      1e-8    2.54e-5      -      7.47e-6   1.74e-4   6.06e-8   3.39e-7    3.6e-9   3.84e-4   2.03e-6   3.09e-7   1.49e-5   1.05e-6   1.21e-3      -      5.34e-7   1.64e-5
  7.50 -6.75D-01  6.74D-01 -1.79D-08 -6.89D-05  2.10D-05  1.68D-03 -5.92D-04  6.68D-06 -1.78D-06 -1.38D-08  1.15D-05 -1.16D-05  9.74D-06 -8.01D-05  6.94D-05 -3.81D-06  7.93D-06  1.01D-05  1.25D-05  1.34
  7.00 -6.83D-01  6.83D-01 -5.53D-08 -1.00D-04  1.13D-05  1.15D-03 -8.51D-04  1.54D-06 -1.90D-06 -1.89D-08  1.24D-05 -1.13D-05  3.37D-07 -8.44D-05  5.45D-05 -5.40D-06  3.64D-07  1.66D-05  2.97D-05  1.25
  6.50 -6.10D-01  6.10D-01 -5.23D-08 -1.01D-04  8.45D-06  9.44D-04 -8.64D-04  3.39D-07 -1.79D-06 -1.85D-08  8.43D-06 -1.05D-05 -2.00D-07 -7.86D-05  3.54D-05 -5.39D-06  2.82D-07  1.76D-05  4.30D-05  1.18
  6.00 -5.61D-01  5.61D-01 -4.74D-08 -8.65D-05  7.80D-06  8.78D-04 -8.06D-04  2.06D-07 -1.66D-06 -1.72D-08  7.93D-06 -9.77D-06 -1.47D-07 -7.28D-05  2.86D-05 -5.11D-06  2.50D-07  1.63D-05  4.48D-05  1.08
  5.50 -4.78D-01  4.78D-01 -4.28D-08  2.00D-05  4.42D-05  8.34D-04 -7.06D-04  5.04D-08 -1.51D-06 -1.58D-08  6.70D-06 -8.69D-06  8.28D-08 -6.59D-05  1.61D-05 -4.65D-06  1.85D-07  1.60D-05  5.05D-05  1.02
  5.00 -3.97D-01  3.96D-01 -3.80D-08  7.42D-05  1.61D-05  1.18D-03 -6.11D-04  5.42D-08 -1.35D-06 -1.40D-08  6.29D-06 -7.53D-06  6.57D-07 -5.85D-05  1.13D-05 -3.79D-06  1.84D-07  2.12D-05  4.07D-05  0.98
  4.50 -3.11D-01  3.09D-01 -3.36D-08  2.55D-04  3.02D-05  2.48D-03 -3.66D-04  6.17D-07 -1.19D-06 -1.18D-08  2.05D-05 -5.12D-06  2.81D-06 -5.00D-05  2.05D-05 -8.24D-07  4.22D-07  3.07D-05  9.40D-06  0.94
  4.00 -2.32D-01  2.29D-01 -2.77D-08  3.21D-04  2.98D-05  2.96D-03 -1.78D-04  1.07D-06 -1.02D-06 -9.26D-09  9.15D-06 -3.72D-06  6.81D-06 -3.81D-05  2.71D-05  6.66D-07  7.15D-07  1.93D-05  2.00D-05  0.91
  3.50 -1.44D-01  1.39D-01 -2.33D-08  5.19D-04  6.20D-05  3.94D-03  2.36D-04  1.86D-06 -8.35D-07 -5.99D-09  3.87D-06  5.74D-07  1.79D-05 -1.07D-05  1.38D-05  1.28D-06  4.31D-07  4.85D-06  6.85D-07  0.88
  3.00 -5.62D-02  5.11D-02 -1.52D-08  5.95D-04  7.14D-05  3.88D-03  5.01D-04  1.97D-06 -6.40D-07 -1.42D-09  2.31D-06  4.18D-06  2.04D-05 -4.01D-07  5.42D-06  1.85D-06  1.30D-07  2.45D-06  6.26D-07  0.85
  2.50 -3.30D-02  2.26D-02 -1.73D-08  8.69D-03  1.77D-06  2.67D-05  1.53D-03  1.58D-06 -1.88D-07  5.11D-09  8.76D-06  8.85D-05  1.67D-06 -1.05D-07  1.76D-05  6.58D-06  4.27D-10  6.78D-06  7.32D-07  0.77
  2.00 -8.02D-02  4.50D-02 -1.33D-08  2.50D-02  9.33D-07  4.35D-05  9.01D-03  4.17D-06 -1.93D-07  5.34D-08  1.25D-04  7.17D-04  8.45D-06  1.23D-06  1.34D-04  5.41D-05  1.93D-09  6.07D-05  2.15D-06  0.65
  1.50 -3.04D-02  2.53D-02 -8.54D-09  4.82D-03  1.22D-05  1.86D-05  2.04D-04  6.23D-08 -1.51D-08  8.47D-08  0.00D+00  5.97D-05  3.03D-07 -6.90D-08  8.33D-07  6.81D-07  2.12D-10  2.85D-07  6.23D-08  0.64
  1.00 -1.25D-02  1.12D-02 -4.11D-09  1.25D-03  4.06D-07  1.04D-05  5.78D-05  1.75D-07 -1.04D-08  3.62D-08  0.00D+00  6.87D-06  1.38D-07  1.57D-09  1.10D-08  2.28D-08  2.27D-10  5.54D-08  5.28D-09  0.59
