Z=     0.0000
M                      20.          25.          30.          40.         100.         140.
E                      10.          10.          20.          30.          60.          71.
Mrem                  1.88         2.80         3.27         5.53        15.28        18.86
H   1          0.87742E+01  0.10639E+02  0.11693E+02  0.14028E+02  0.26807E+02  0.31500E+02
H   2          0.86589E-16  0.20572E-15  0.10883E-13  0.16571E-13  0.99679E-15  0.00000E+00
He  3          0.47561E-04  0.21065E-03  0.20619E-03  0.25648E-04  0.15186E-04  0.11344E-04
He  4          0.59554E+01  0.80250E+01  0.95380E+01  0.11809E+02  0.30829E+02  0.37813E+02
Li  6          0.15305E-21  0.32211E-19  0.35036E-16  0.53918E-16  0.10031E-17  0.00000E+00
Li  7          0.27860E-09  0.56776E-08  0.23600E-07  0.34212E-10  0.39669E-09  0.52980E-09
Be  9          0.48298E-19  0.36921E-16  0.30864E-17  0.90279E-17  0.64213E-20  0.00000E+00
B  10          0.19479E-18  0.74545E-13  0.10524E-13  0.94102E-14  0.36239E-16  0.00000E+00
B  11          0.10883E-14  0.12776E-11  0.95272E-13  0.94095E-12  0.16674E-11  0.19342E-11
C  12          0.19021E+00  0.26659E+00  0.31640E+00  0.37206E+00  0.87812E+00  0.10640E+01
C  13          0.11810E-07  0.69437E-07  0.63191E-07  0.81849E-07  0.17279E-07  0.00000E+00
N  14          0.54246E-04  0.59589E-03  0.41787E-04  0.33878E-05  0.63363E-04  0.85387E-04
N  15          0.29452E-07  0.17490E-06  0.21999E-06  0.65437E-06  0.10049E-03  0.13715E-03
O  16          0.20306E+01  0.23763E+01  0.39195E+01  0.63162E+01  0.18926E+02  0.23556E+02
O  17          0.71304E-07  0.14899E-05  0.38054E-07  0.12330E-07  0.18413E-05  0.25129E-05
O  18          0.23323E-07  0.38718E-06  0.50334E-06  0.29299E-06  0.50622E-06  0.58452E-06
F  19          0.21180E-08  0.16727E-08  0.78833E-08  0.11650E-06  0.17750E-05  0.23840E-05
Ne 20          0.74943E+00  0.28505E+00  0.51988E+00  0.26384E+00  0.14543E+01  0.18915E+01
Ne 21          0.35781E-04  0.12204E-04  0.35102E-04  0.14059E-04  0.22860E-03  0.30738E-03
Ne 22          0.55114E-04  0.86173E-05  0.35225E-04  0.16582E-04  0.14238E-03  0.18857E-03
Na 23          0.23077E-02  0.44177E-03  0.73581E-03  0.32755E-03  0.27233E-02  0.36030E-02
Mg 24          0.16534E+00  0.15285E+00  0.21711E+00  0.33705E+00  0.13120E+01  0.16700E+01
Mg 25          0.10667E-03  0.45703E-04  0.14544E-03  0.59529E-03  0.44870E-02  0.59161E-02
Mg 26          0.21041E-03  0.40158E-04  0.82902E-04  0.10707E-03  0.15371E-02  0.20623E-02
Al 27          0.15029E-02  0.89277E-03  0.15494E-02  0.75238E-02  0.17929E-01  0.21750E-01
Si 28          0.10256E+00  0.23053E+00  0.24658E+00  0.71955E+00  0.23473E+01  0.29450E+01
Si 29          0.29457E-03  0.53783E-03  0.88496E-03  0.37249E-02  0.90562E-02  0.11014E-01
Si 30          0.11275E-03  0.63469E-04  0.14727E-03  0.28228E-02  0.38463E-02  0.42221E-02
P  31          0.76740E-04  0.59087E-04  0.11554E-03  0.10101E-02  0.19270E-02  0.22637E-02
S  32          0.42704E-01  0.91604E-01  0.84901E-01  0.25922E+00  0.10111E+01  0.12872E+01
S  33          0.14402E-03  0.23087E-03  0.30234E-03  0.84489E-03  0.37860E-02  0.48660E-02
S  34          0.18433E-03  0.12562E-03  0.27015E-03  0.20849E-02  0.70372E-02  0.88557E-02
S  36          0.83331E-09  0.57828E-10  0.14058E-08  0.50386E-07  0.44518E-07  0.42363E-07
Cl 35          0.39490E-04  0.32312E-04  0.44781E-04  0.17974E-03  0.68777E-03  0.87432E-03
Cl 37          0.18831E-04  0.28915E-04  0.23901E-04  0.79550E-04  0.39456E-03  0.51024E-03
Ar 36          0.68028E-02  0.13600E-01  0.11474E-01  0.35525E-01  0.14896E+00  0.19061E+00
Ar 38          0.12677E-03  0.17030E-03  0.90652E-04  0.78327E-03  0.30835E-02  0.39282E-02
Ar 40          0.37860E-10  0.11624E-10  0.18661E-10  0.26781E-09  0.64295E-09  0.78071E-09
K  39          0.23119E-04  0.37608E-04  0.20542E-04  0.13086E-03  0.48967E-03  0.62143E-03
K  40          0.43966E-08  0.14024E-08  0.25192E-08  0.11842E-07  0.48538E-07  0.62013E-07
K  41          0.37249E-05  0.64807E-05  0.36619E-05  0.21336E-04  0.76876E-04  0.97271E-04
Ca 40          0.47704E-02  0.10207E-01  0.82241E-02  0.28581E-01  0.11185E+00  0.14243E+00
Ca 42          0.34115E-05  0.51470E-05  0.16172E-05  0.19680E-04  0.68708E-04  0.86712E-04
Ca 43          0.26003E-06  0.72521E-07  0.17061E-06  0.13949E-06  0.11031E-06  0.99595E-07
Ca 44          0.12558E-03  0.70409E-04  0.18172E-03  0.17526E-03  0.81345E-03  0.10478E-02
Ca 46          0.11512E-10  0.14683E-10  0.92456E-11  0.36940E-10  0.13965E-09  0.17737E-09
Ca 48          0.37412E-14  0.11678E-10  0.81634E-12  0.12707E-10  0.25409E-13  0.00000E+00
Sc 45          0.18464E-06  0.22008E-06  0.69513E-07  0.62758E-06  0.23168E-05  0.29371E-05
Ti 46          0.65411E-05  0.52195E-05  0.62316E-05  0.11138E-04  0.26954E-04  0.32762E-04
Ti 47          0.96465E-05  0.94507E-05  0.20780E-04  0.25912E-04  0.84902E-05  0.20927E-05
Ti 48          0.15739E-03  0.13548E-03  0.28124E-03  0.34276E-03  0.13926E-02  0.17781E-02
Ti 49          0.27517E-05  0.36152E-05  0.57009E-05  0.69222E-05  0.17048E-04  0.20766E-04
Ti 50          0.76393E-12  0.61209E-11  0.24886E-11  0.33686E-10  0.19025E-10  0.13641E-10
V  50          0.26193E-10  0.27874E-10  0.90272E-11  0.12006E-09  0.33267E-09  0.41074E-09
V  51          0.24232E-04  0.18586E-04  0.37140E-04  0.34789E-04  0.26046E-04  0.22835E-04
Cr 50          0.16780E-04  0.25615E-04  0.18979E-04  0.41248E-04  0.19183E-03  0.24713E-03
Cr 52          0.65777E-03  0.12099E-02  0.15130E-02  0.27019E-02  0.86112E-02  0.10781E-01
Cr 53          0.33278E-04  0.72361E-04  0.90287E-04  0.13118E-03  0.32981E-03  0.40275E-03
Cr 54          0.26064E-08  0.57159E-08  0.96389E-10  0.35178E-08  0.17875E-07  0.23147E-07
Mn 55          0.82184E-04  0.20158E-03  0.24672E-03  0.36821E-03  0.98663E-03  0.12137E-02
Fe 54          0.71831E-03  0.17948E-02  0.17379E-02  0.32987E-02  0.15554E-01  0.20054E-01
Fe 56          0.82408E-01  0.96028E-01  0.15921E+00  0.25564E+00  0.76263E+00  0.94880E+00
Fe 57          0.17769E-02  0.16271E-02  0.31038E-02  0.42433E-02  0.14446E-01  0.18193E-01
Fe 58          0.12822E-08  0.25998E-08  0.91870E-10  0.33101E-08  0.13069E-07  0.16653E-07
Co 59          0.36948E-03  0.23813E-03  0.51888E-03  0.51942E-03  0.39687E-03  0.35187E-03
Ni 58          0.87487E-03  0.67230E-03  0.12742E-02  0.14314E-02  0.28060E-02  0.33108E-02
Ni 60          0.29909E-02  0.28024E-02  0.54859E-02  0.83727E-02  0.24335E-01  0.30197E-01
Ni 61          0.62892E-04  0.43397E-04  0.86256E-04  0.98745E-04  0.38863E-03  0.49508E-03
Ni 62          0.41885E-04  0.28594E-04  0.57385E-04  0.67369E-04  0.21162E-03  0.26459E-03
Ni 64          0.95447E-13  0.15608E-10  0.33827E-11  0.24610E-10  0.29886E-11  0.00000E+00
Cu 63          0.11780E-04  0.81880E-05  0.17148E-04  0.20621E-04  0.36341E-04  0.42114E-04
Cu 65          0.72377E-06  0.60046E-06  0.13849E-05  0.18588E-05  0.11752E-04  0.15385E-04
Zn 64          0.37988E-03  0.26368E-03  0.58275E-03  0.68827E-03  0.20216E-02  0.25112E-02
Zn 66          0.50552E-05  0.25881E-05  0.70476E-05  0.69017E-05  0.43777E-04  0.57318E-04
Zn 67          0.19470E-06  0.60711E-07  0.19080E-06  0.11805E-06  0.19526E-06  0.22361E-06
Zn 68          0.89576E-07  0.12078E-06  0.26941E-06  0.48645E-06  0.28171E-04  0.38337E-04
Zn 70          0.83056E-13  0.19517E-11  0.84887E-12  0.19499E-10  0.10863E-11  0.00000E+00
Ga 69          0.17704E-07  0.21062E-07  0.40768E-07  0.89538E-07  0.69710E-06  0.92020E-06
Ga 71          0.15406E-11  0.21666E-10  0.37861E-11  0.15672E-09  0.22328E-11  0.00000E+00
Ge 70          0.24156E-07  0.14350E-07  0.29530E-07  0.37488E-07  0.13398E-06  0.16941E-06
Ge 72          0.63832E-11  0.16894E-10  0.74315E-11  0.71139E-10  0.37845E-10  0.25619E-10
Ge 73          0.18641E-11  0.26408E-10  0.65856E-11  0.91506E-10  0.84070E-11  0.00000E+00
Ge 74          0.24419E-12  0.13234E-10  0.24668E-11  0.42785E-10  0.30762E-11  0.00000E+00
Z=     0.0010
M                      20.          25.          30.          40.
E                      10.          10.          20.          30.
Mrem                  2.24         2.15         2.57         5.52
H   1          0.84343E+01  0.98012E+01  0.11046E+02  0.12902E+02
H   2          0.40983E-15  0.44646E-15  0.15321E-12  0.26559E-14
He  3          0.16042E-03  0.12610E-03  0.14364E-03  0.12117E-03
He  4          0.59552E+01  0.69999E+01  0.84247E+01  0.10828E+02
Li  6          0.93745E-21  0.47441E-20  0.50829E-15  0.76522E-17
Li  7          0.84188E-10  0.91222E-12  0.11167E-11  0.19072E-11
Be  9          0.17228E-20  0.25409E-24  0.25900E-15  0.13543E-17
B  10          0.23715E-11  0.76016E-11  0.22477E-11  0.20209E-11
B  11          0.10472E-10  0.34245E-10  0.10091E-10  0.83594E-11
C  12          0.12409E+00  0.19384E+00  0.10516E+00  0.50806E-01
C  13          0.19627E-04  0.98139E-04  0.82034E-04  0.28158E-03
N  14          0.12859E-01  0.91979E-02  0.61925E-02  0.85325E-02
N  15          0.13696E-05  0.72398E-05  0.90690E-06  0.31655E-05
O  16          0.19967E+01  0.36999E+01  0.49448E+01  0.64159E+01
O  17          0.21770E-04  0.27870E-04  0.48659E-04  0.28334E-04
O  18          0.80972E-05  0.70491E-04  0.19904E-04  0.17638E-03
F  19          0.28047E-05  0.60704E-06  0.20396E-05  0.16499E-05
Ne 20          0.45573E+00  0.10487E+01  0.10447E+01  0.18287E+00
Ne 21          0.96992E-04  0.42339E-03  0.44258E-03  0.21603E-04
Ne 22          0.11654E-02  0.14381E-02  0.12608E-02  0.12467E-03
Na 23          0.12871E-02  0.67630E-02  0.46780E-02  0.60430E-03
Mg 24          0.23031E+00  0.19269E+00  0.31074E+00  0.51991E+00
Mg 25          0.17439E-02  0.15207E-02  0.27890E-02  0.16435E-02
Mg 26          0.17532E-02  0.17563E-02  0.32089E-02  0.91781E-03
Al 27          0.63218E-02  0.51709E-02  0.87011E-02  0.19614E-01
Si 28          0.11370E+00  0.11162E+00  0.23549E+00  0.71398E+00
Si 29          0.12758E-02  0.78025E-03  0.16910E-02  0.62169E-02
Si 30          0.10656E-02  0.48558E-03  0.12385E-02  0.80043E-02
P  31          0.27079E-03  0.18399E-03  0.39500E-03  0.26716E-02
S  32          0.36255E-01  0.42511E-01  0.92506E-01  0.27953E+00
S  33          0.17980E-03  0.21265E-03  0.41096E-03  0.11979E-02
S  34          0.51062E-03  0.41630E-03  0.10153E-02  0.37414E-02
S  36          0.33056E-06  0.56655E-06  0.93981E-06  0.98987E-06
Cl 35          0.38027E-04  0.53631E-04  0.10061E-03  0.35471E-03
Cl 37          0.13806E-04  0.19213E-04  0.37541E-04  0.88921E-04
Ar 36          0.55503E-02  0.68619E-02  0.14029E-01  0.36709E-01
Ar 38          0.14269E-03  0.11764E-03  0.36132E-03  0.12412E-02
Ar 40          0.45248E-07  0.86536E-07  0.25426E-06  0.38934E-06
K  39          0.20477E-04  0.17555E-04  0.54335E-04  0.16092E-03
K  40          0.68703E-08  0.10967E-07  0.12312E-07  0.31064E-07
K  41          0.26386E-05  0.22532E-05  0.70826E-05  0.20551E-04
Ca 40          0.44853E-02  0.54600E-02  0.11017E-01  0.29272E-01
Ca 42          0.37008E-05  0.21772E-05  0.81074E-05  0.31026E-04
Ca 43          0.37755E-06  0.49302E-06  0.64525E-06  0.40792E-06
Ca 44          0.12954E-03  0.13268E-03  0.24361E-03  0.15691E-03
Ca 46          0.24638E-07  0.26627E-07  0.11003E-06  0.18999E-06
Ca 48          0.11907E-06  0.15119E-06  0.18137E-06  0.21356E-06
Sc 45          0.21324E-06  0.31824E-06  0.55494E-06  0.10407E-05
Ti 46          0.37864E-05  0.13444E-04  0.12966E-04  0.15192E-04
Ti 47          0.48281E-05  0.27966E-04  0.32710E-04  0.19266E-04
Ti 48          0.16530E-03  0.18012E-03  0.32479E-03  0.33322E-03
Ti 49          0.26981E-05  0.27442E-05  0.54145E-05  0.87626E-05
Ti 50          0.40863E-06  0.74985E-06  0.90454E-06  0.76268E-06
V  50          0.71749E-08  0.12287E-07  0.17168E-07  0.50514E-07
V  51          0.11929E-04  0.54521E-04  0.47282E-04  0.27512E-04
Cr 50          0.12405E-04  0.20056E-04  0.26765E-04  0.54864E-04
Cr 52          0.73864E-03  0.89853E-03  0.15251E-02  0.29708E-02
Cr 53          0.39705E-04  0.38062E-04  0.71082E-04  0.16267E-03
Cr 54          0.11505E-05  0.19467E-05  0.22763E-05  0.19736E-05
Mn 55          0.10855E-03  0.11214E-03  0.19591E-03  0.46574E-03
Fe 54          0.83978E-03  0.11834E-02  0.19434E-02  0.40565E-02
Fe 56          0.80629E-01  0.14982E+00  0.20020E+00  0.25891E+00
Fe 57          0.20454E-02  0.27882E-02  0.38266E-02  0.42097E-02
Fe 58          0.39341E-04  0.68368E-04  0.77656E-04  0.65982E-04
Co 59          0.15451E-03  0.65957E-03  0.78608E-03  0.44887E-03
Ni 58          0.56613E-03  0.10995E-02  0.16932E-02  0.13884E-02
Ni 60          0.27528E-02  0.61689E-02  0.70165E-02  0.79312E-02
Ni 61          0.84287E-04  0.11449E-03  0.13140E-03  0.13110E-03
Ni 62          0.54940E-04  0.10268E-03  0.11565E-03  0.11723E-03
Ni 64          0.18202E-04  0.37792E-04  0.48737E-04  0.44767E-04
Cu 63          0.14596E-04  0.33643E-04  0.38817E-04  0.26223E-04
Cu 65          0.77879E-05  0.14495E-04  0.20816E-04  0.21694E-04
Zn 64          0.33346E-03  0.52347E-03  0.78526E-03  0.65089E-03
Zn 66          0.17167E-04  0.24630E-04  0.41049E-04  0.48872E-04
Zn 67          0.16809E-05  0.34956E-05  0.48403E-05  0.25539E-05
Zn 68          0.78474E-05  0.16671E-04  0.24878E-04  0.28903E-04
Zn 70          0.24216E-07  0.23713E-07  0.10762E-06  0.19030E-06
Ga 69          0.12088E-05  0.21546E-05  0.38403E-05  0.41562E-05
Ga 71          0.84838E-06  0.18004E-05  0.30235E-05  0.33983E-05
Ge 70          0.21683E-05  0.43526E-05  0.75741E-05  0.77389E-05
Ge 72          0.17115E-05  0.37458E-05  0.61293E-05  0.99198E-05
Ge 73          0.31359E-06  0.63446E-06  0.11474E-05  0.50834E-06
Ge 74          0.31800E-05  0.80251E-05  0.13426E-04  0.15389E-04
Z=     0.0040
M                      20.          25.          30.          40.
E                      10.          10.          20.          30.
Mrem                  2.23         1.97         4.05         4.51
H   1          0.89473E+01  0.10165E+02  0.10136E+02  0.10290E+02
H   2          0.18403E-12  0.20067E-12  0.28856E-12  0.38834E-13
He  3          0.17538E-03  0.18528E-03  0.18405E-03  0.17993E-03
He  4          0.70257E+01  0.84933E+01  0.79331E+01  0.81235E+01
Li  6          0.61166E-15  0.66521E-15  0.95839E-15  0.12849E-15
Li  7          0.43136E-12  0.10208E-12  0.80077E-12  0.46211E-11
Be  9          0.62718E-15  0.39348E-15  0.18752E-15  0.94849E-17
B  10          0.29144E-10  0.30872E-10  0.30367E-10  0.65730E-11
B  11          0.27883E-08  0.13908E-09  0.13684E-09  0.28327E-10
C  12          0.83235E-01  0.12786E+00  0.13596E+00  0.37300E+00
C  13          0.29131E-03  0.38276E-03  0.33909E-03  0.36780E-03
N  14          0.18422E-01  0.31483E-01  0.20048E-01  0.25214E-01
N  15          0.27409E-04  0.94450E-04  0.55874E-05  0.13535E-04
O  16          0.78824E+00  0.20666E+01  0.38234E+01  0.68024E+01
O  17          0.10344E-03  0.11201E-03  0.12020E-03  0.15731E-03
O  18          0.66782E-03  0.78034E-03  0.43762E-04  0.65126E-03
F  19          0.48688E-05  0.84781E-04  0.55723E-05  0.85037E-05
Ne 20          0.14181E+00  0.63453E+00  0.49221E+00  0.11501E+01
Ne 21          0.31237E-03  0.35702E-03  0.41291E-03  0.86176E-03
Ne 22          0.14206E-02  0.45426E-02  0.29993E-02  0.79858E-03
Na 23          0.20455E-02  0.46792E-02  0.65581E-02  0.13184E-01
Mg 24          0.80963E-01  0.22702E+00  0.19136E+00  0.40128E+00
Mg 25          0.16380E-02  0.47750E-02  0.49366E-02  0.96460E-02
Mg 26          0.16948E-02  0.52694E-02  0.56405E-02  0.10177E-01
Al 27          0.36360E-02  0.10443E-01  0.11785E-01  0.22852E-01
Si 28          0.10367E+00  0.12224E+00  0.35633E+00  0.57424E+00
Si 29          0.17816E-02  0.22744E-02  0.48643E-02  0.66331E-02
Si 30          0.19861E-02  0.23198E-02  0.48249E-02  0.73655E-02
P  31          0.46830E-03  0.52936E-03  0.13509E-02  0.20013E-02
S  32          0.32974E-01  0.40163E-01  0.15368E+00  0.22973E+00
S  33          0.29295E-03  0.30456E-03  0.10476E-02  0.15215E-02
S  34          0.13937E-02  0.12467E-02  0.47947E-02  0.72221E-02
S  36          0.51499E-05  0.23149E-05  0.87447E-05  0.12252E-04
Cl 35          0.74557E-04  0.81132E-04  0.28966E-03  0.41601E-03
Cl 37          0.23914E-04  0.34098E-04  0.10628E-03  0.15768E-03
Ar 36          0.43989E-02  0.60176E-02  0.22791E-01  0.34008E-01
Ar 38          0.42765E-03  0.37816E-03  0.17793E-02  0.24773E-02
Ar 40          0.14558E-05  0.38092E-06  0.28658E-05  0.19338E-05
K  39          0.43175E-04  0.41508E-04  0.17228E-03  0.21450E-03
K  40          0.22476E-07  0.32933E-07  0.85460E-07  0.10785E-06
K  41          0.43787E-05  0.46574E-05  0.19023E-04  0.23245E-04
Ca 40          0.30648E-02  0.46908E-02  0.16691E-01  0.25456E-01
Ca 42          0.10905E-04  0.91873E-05  0.44377E-04  0.58082E-04
Ca 43          0.10852E-05  0.95519E-06  0.11163E-05  0.21833E-05
Ca 44          0.28570E-04  0.10602E-03  0.11218E-03  0.22559E-03
Ca 46          0.23518E-06  0.14271E-06  0.69444E-06  0.42789E-06
Ca 48          0.10653E-05  0.60311E-06  0.97813E-06  0.13582E-05
Sc 45          0.60850E-06  0.61209E-06  0.15212E-05  0.17904E-05
Ti 46          0.45180E-05  0.78698E-05  0.19853E-04  0.25500E-04
Ti 47          0.15723E-05  0.87999E-05  0.12249E-04  0.12368E-04
Ti 48          0.48921E-04  0.15868E-03  0.23014E-03  0.42961E-03
Ti 49          0.14914E-05  0.44607E-05  0.64890E-05  0.11630E-04
Ti 50          0.82872E-06  0.19556E-05  0.25355E-05  0.48513E-05
V  50          0.10197E-07  0.20190E-07  0.41005E-07  0.75788E-07
V  51          0.31721E-05  0.22602E-04  0.21771E-04  0.27365E-04
Cr 50          0.14872E-04  0.20452E-04  0.56923E-04  0.80335E-04
Cr 52          0.26912E-03  0.84763E-03  0.17066E-02  0.32837E-02
Cr 53          0.21429E-04  0.53632E-04  0.10550E-03  0.19934E-03
Cr 54          0.23391E-05  0.51456E-05  0.57630E-05  0.92892E-05
Mn 55          0.90507E-04  0.16684E-03  0.32565E-03  0.58070E-03
Fe 54          0.81568E-03  0.11718E-02  0.30013E-02  0.49746E-02
Fe 56          0.31072E-01  0.83247E-01  0.15305E+00  0.27347E+00
Fe 57          0.99304E-03  0.19315E-02  0.33119E-02  0.62627E-02
Fe 58          0.54805E-04  0.16207E-03  0.17741E-03  0.28384E-03
Co 59          0.49039E-04  0.36698E-03  0.33060E-03  0.44650E-03
Ni 58          0.29981E-03  0.91545E-03  0.94186E-03  0.15097E-02
Ni 60          0.10092E-02  0.29749E-02  0.49165E-02  0.82780E-02
Ni 61          0.14967E-03  0.92318E-04  0.29272E-03  0.36023E-03
Ni 62          0.12251E-03  0.17175E-03  0.27774E-03  0.62086E-03
Ni 64          0.16557E-04  0.80695E-04  0.11002E-03  0.26598E-03
Cu 63          0.88419E-05  0.42350E-04  0.47664E-04  0.91291E-04
Cu 65          0.75237E-05  0.28378E-04  0.48558E-04  0.11240E-03
Zn 64          0.36278E-04  0.31879E-03  0.35608E-03  0.58373E-03
Zn 66          0.21044E-04  0.48513E-04  0.10843E-03  0.21317E-03
Zn 67          0.14519E-05  0.71167E-05  0.11375E-04  0.28129E-04
Zn 68          0.78566E-05  0.36953E-04  0.75493E-04  0.18404E-03
Zn 70          0.23856E-06  0.19697E-06  0.13340E-05  0.29828E-05
Ga 69          0.13562E-05  0.53933E-05  0.14861E-04  0.34300E-04
Ga 71          0.11000E-05  0.39497E-05  0.93605E-05  0.21575E-04
Ge 70          0.19161E-05  0.83249E-05  0.23700E-04  0.49780E-04
Ge 72          0.17451E-05  0.88822E-05  0.26849E-04  0.62350E-04
Ge 73          0.31935E-06  0.16655E-05  0.42763E-05  0.10749E-04
Ge 74          0.25819E-05  0.17728E-04  0.70039E-04  0.15612E-03
Z=     0.0080
M                      20.          25.          30.          40.
E                      10.          10.          20.          30.
Mrem                  2.03         1.91         3.62         3.72
H   1          0.85110E+01  0.80766E+01  0.95391E+01  0.73878E+01
H   2          0.21122E-12  0.10769E-11  0.47645E-12  0.63811E-12
He  3          0.20231E-03  0.19270E-03  0.19595E-03  0.12421E-03
He  4          0.69123E+01  0.71420E+01  0.81205E+01  0.66836E+01
Li  6          0.70233E-15  0.45790E-15  0.15830E-14  0.21202E-14
Li  7          0.17817E-11  0.10724E-09  0.46261E-12  0.28771E-11
Be  9          0.40919E-15  0.22409E-15  0.40757E-15  0.10530E-14
B  10          0.79958E-10  0.35253E-10  0.83837E-10  0.37742E-11
B  11          0.18725E-08  0.15373E-09  0.37769E-09  0.16291E-10
C  12          0.13729E+00  0.13114E+00  0.15453E+00  0.42323E+00
C  13          0.78878E-03  0.33018E-03  0.10196E-02  0.39514E-03
N  14          0.41439E-01  0.42126E-01  0.55472E-01  0.39365E-01
N  15          0.12471E-03  0.93308E-04  0.98195E-05  0.26054E-04
O  16          0.87064E+00  0.24404E+01  0.33577E+01  0.69075E+01
O  17          0.46773E-03  0.48728E-03  0.79313E-03  0.50697E-03
O  18          0.20946E-02  0.14285E-02  0.12245E-02  0.48632E-02
F  19          0.32555E-04  0.12292E-03  0.71884E-05  0.90799E-05
Ne 20          0.20642E+00  0.67855E+00  0.51322E+00  0.14021E+01
Ne 21          0.10300E-02  0.14385E-02  0.13429E-02  0.27249E-02
Ne 22          0.46040E-02  0.10605E-01  0.65889E-02  0.50418E-02
Na 23          0.63232E-02  0.11421E-01  0.11535E-01  0.32296E-01
Mg 24          0.75723E-01  0.21602E+00  0.18142E+00  0.37028E+00
Mg 25          0.57510E-02  0.15132E-01  0.12211E-01  0.30539E-01
Mg 26          0.42015E-02  0.14003E-01  0.13397E-01  0.31383E-01
Al 27          0.57581E-02  0.17938E-01  0.16923E-01  0.44035E-01
Si 28          0.99549E-01  0.17525E+00  0.31775E+00  0.46821E+00
Si 29          0.22859E-02  0.55163E-02  0.74181E-02  0.11107E-01
Si 30          0.26337E-02  0.73765E-02  0.91993E-02  0.12688E-01
P  31          0.68810E-03  0.15585E-02  0.23398E-02  0.34759E-02
S  32          0.39220E-01  0.64227E-01  0.13384E+00  0.19099E+00
S  33          0.39427E-03  0.59416E-03  0.12074E-02  0.16100E-02
S  34          0.24182E-02  0.48556E-02  0.87794E-02  0.11389E-01
S  36          0.85213E-05  0.17411E-04  0.30391E-04  0.43212E-04
Cl 35          0.15799E-03  0.20952E-03  0.42534E-03  0.59135E-03
Cl 37          0.55391E-04  0.11247E-03  0.16067E-03  0.31426E-03
Ar 36          0.56720E-02  0.92112E-02  0.19046E-01  0.27904E-01
Ar 38          0.76842E-03  0.15391E-02  0.29555E-02  0.36224E-02
Ar 40          0.22022E-05  0.33981E-05  0.74836E-05  0.45637E-05
K  39          0.83738E-04  0.99960E-04  0.20918E-03  0.23225E-03
K  40          0.89999E-07  0.20192E-06  0.26777E-06  0.46001E-06
K  41          0.83996E-05  0.11453E-04  0.22250E-04  0.33277E-04
Ca 40          0.38926E-02  0.69106E-02  0.13505E-01  0.20609E-01
Ca 42          0.21428E-04  0.38459E-04  0.73570E-04  0.86661E-04
Ca 43          0.18398E-05  0.21182E-05  0.32644E-05  0.44972E-05
Ca 44          0.38334E-04  0.10363E-03  0.11915E-03  0.30612E-03
Ca 46          0.52511E-06  0.12563E-05  0.14245E-05  0.18423E-05
Ca 48          0.18758E-05  0.15557E-05  0.58538E-05  0.19297E-05
Sc 45          0.11328E-05  0.21278E-05  0.27786E-05  0.39510E-05
Ti 46          0.97240E-05  0.18361E-04  0.31004E-04  0.38726E-04
Ti 47          0.33494E-05  0.83194E-05  0.12484E-04  0.24212E-04
Ti 48          0.59594E-04  0.16530E-03  0.22889E-03  0.50015E-03
Ti 49          0.27491E-05  0.68799E-05  0.87389E-05  0.14547E-04
Ti 50          0.27151E-05  0.68065E-05  0.51228E-05  0.16997E-04
V  50          0.31397E-07  0.10054E-06  0.18186E-06  0.20213E-06
V  51          0.64921E-05  0.20633E-04  0.23083E-04  0.43931E-04
Cr 50          0.38920E-04  0.46737E-04  0.74927E-04  0.97892E-04
Cr 52          0.33028E-03  0.10247E-02  0.15980E-02  0.29338E-02
Cr 53          0.36064E-04  0.76362E-04  0.11770E-03  0.17548E-03
Cr 54          0.77165E-05  0.14572E-04  0.19300E-04  0.26784E-04
Mn 55          0.18844E-03  0.27890E-03  0.43728E-03  0.54324E-03
Fe 54          0.20956E-02  0.24509E-02  0.34462E-02  0.53682E-02
Fe 56          0.33046E-01  0.96927E-01  0.13211E+00  0.27509E+00
Fe 57          0.10896E-02  0.23807E-02  0.36549E-02  0.73980E-02
Fe 58          0.21385E-03  0.45428E-03  0.86106E-03  0.74693E-03
Co 59          0.13251E-03  0.42768E-03  0.47233E-03  0.86727E-03
Ni 58          0.82579E-03  0.10587E-02  0.19898E-02  0.39326E-02
Ni 60          0.10921E-02  0.32787E-02  0.42314E-02  0.95222E-02
Ni 61          0.18989E-03  0.28339E-03  0.55865E-03  0.57337E-03
Ni 62          0.22866E-03  0.40888E-03  0.51720E-03  0.16333E-02
Ni 64          0.78481E-04  0.35413E-03  0.92670E-04  0.99073E-03
Cu 63          0.47644E-04  0.14853E-03  0.53564E-04  0.30380E-03
Cu 65          0.22142E-04  0.10447E-03  0.36324E-04  0.30957E-03
Zn 64          0.43359E-04  0.30566E-03  0.23857E-03  0.60702E-03
Zn 66          0.42704E-04  0.17690E-03  0.93586E-04  0.56074E-03
Zn 67          0.58509E-05  0.35308E-04  0.77705E-05  0.11530E-03
Zn 68          0.27440E-04  0.20380E-03  0.48098E-04  0.71897E-03
Zn 70          0.11898E-05  0.84561E-05  0.10132E-05  0.25886E-04
Ga 69          0.37108E-05  0.25426E-04  0.90094E-05  0.88888E-04
Ga 71          0.27565E-05  0.17793E-04  0.63033E-05  0.67685E-04
Ge 70          0.48472E-05  0.31656E-04  0.14373E-04  0.13158E-03
Ge 72          0.52768E-05  0.50915E-04  0.17064E-04  0.21155E-03
Ge 73          0.12509E-05  0.10935E-04  0.27628E-05  0.47056E-04
Ge 74          0.10444E-04  0.13347E-03  0.53606E-04  0.68274E-03
Z=     0.0200
M                      20.          25.          30.          40.
E                      10.          10.          20.          30.
Mrem                  1.77         1.84         3.05         2.67
H   1          0.79342E+01  0.53160E+01  0.87500E+01  0.35514E+01
H   2          0.24716E-12  0.22352E-11  0.72483E-12  0.14303E-11
He  3          0.23792E-03  0.20250E-03  0.21168E-03  0.50543E-04
He  4          0.67625E+01  0.53557E+01  0.83683E+01  0.47801E+01
Li  6          0.82219E-15  0.18384E-15  0.24088E-14  0.47531E-14
Li  7          0.35668E-11  0.24887E-09  0.15598E-13  0.57176E-12
Be  9          0.12102E-15  0.16428E-18  0.69845E-15  0.24325E-14
B  10          0.14713E-09  0.41044E-10  0.15452E-09  0.74393E-13
B  11          0.66193E-09  0.17309E-09  0.69608E-09  0.38010E-12
C  12          0.20874E+00  0.13547E+00  0.17908E+00  0.48962E+00
C  13          0.14464E-02  0.26067E-03  0.19191E-02  0.43128E-03
N  14          0.71865E-01  0.56196E-01  0.10230E+00  0.58071E-01
N  15          0.25333E-03  0.91799E-04  0.15414E-04  0.42604E-04
O  16          0.97956E+00  0.29346E+01  0.27420E+01  0.70464E+01
O  17          0.94929E-03  0.98336E-03  0.16827E-02  0.96920E-03
O  18          0.39808E-02  0.22854E-02  0.27853E-02  0.10431E-01
F  19          0.69155E-04  0.17333E-03  0.93248E-05  0.98417E-05
Ne 20          0.29184E+00  0.73675E+00  0.54099E+00  0.17352E+01
Ne 21          0.19786E-02  0.28681E-02  0.25722E-02  0.51879E-02
Ne 22          0.88123E-02  0.18618E-01  0.11334E-01  0.10651E-01
Na 23          0.11978E-01  0.20334E-01  0.18114E-01  0.57561E-01
Mg 24          0.68795E-01  0.20147E+00  0.16828E+00  0.32931E+00
Mg 25          0.11188E-01  0.28824E-01  0.21828E-01  0.58158E-01
Mg 26          0.75151E-02  0.25548E-01  0.23651E-01  0.59416E-01
Al 27          0.85633E-02  0.27845E-01  0.23714E-01  0.72037E-01
Si 28          0.94102E-01  0.24532E+00  0.26676E+00  0.32804E+00
Si 29          0.29526E-02  0.98018E-02  0.10794E-01  0.17022E-01
Si 30          0.34897E-02  0.14061E-01  0.14982E-01  0.19724E-01
P  31          0.97867E-03  0.29190E-02  0.36471E-02  0.54251E-02
S  32          0.47477E-01  0.96037E-01  0.10762E+00  0.13977E+00
S  33          0.52820E-03  0.97700E-03  0.14187E-02  0.17270E-02
S  34          0.37724E-02  0.96263E-02  0.14047E-01  0.16897E-01
S  36          0.12978E-04  0.37366E-04  0.59005E-04  0.84140E-04
Cl 35          0.26828E-03  0.37925E-03  0.60469E-03  0.82314E-03
Cl 37          0.97001E-04  0.21608E-03  0.23257E-03  0.52124E-03
Ar 36          0.73549E-02  0.13433E-01  0.14096E-01  0.19836E-01
Ar 38          0.12189E-02  0.30737E-02  0.45104E-02  0.51362E-02
Ar 40          0.31889E-05  0.73867E-05  0.13588E-04  0.80402E-05
K  39          0.13736E-03  0.17723E-03  0.25797E-03  0.25572E-03
K  40          0.17926E-06  0.42530E-06  0.50878E-06  0.92555E-06
K  41          0.13715E-04  0.20437E-04  0.26517E-04  0.46538E-04
Ca 40          0.49870E-02  0.98451E-02  0.92925E-02  0.14201E-01
Ca 42          0.35338E-04  0.77153E-04  0.11216E-03  0.12444E-03
Ca 43          0.28374E-05  0.36557E-05  0.61041E-05  0.75561E-05
Ca 44          0.51241E-04  0.10047E-03  0.12836E-03  0.41258E-03
Ca 46          0.90838E-06  0.27285E-05  0.23897E-05  0.37121E-05
Ca 48          0.29473E-05  0.28150E-05  0.12299E-04  0.26851E-05
Sc 45          0.18258E-05  0.41314E-05  0.44407E-05  0.68072E-05
Ti 46          0.16606E-04  0.32230E-04  0.45745E-04  0.56209E-04
Ti 47          0.56987E-05  0.76841E-05  0.12795E-04  0.39870E-04
Ti 48          0.73703E-04  0.17405E-03  0.22723E-03  0.59341E-03
Ti 49          0.44118E-05  0.10078E-04  0.11713E-04  0.18403E-04
Ti 50          0.52088E-05  0.13219E-04  0.85430E-05  0.33052E-04
V  50          0.59422E-07  0.20675E-06  0.36805E-06  0.36914E-06
V  51          0.10881E-04  0.18030E-04  0.24817E-04  0.65830E-04
Cr 50          0.70710E-04  0.81483E-04  0.98727E-04  0.12110E-03
Cr 52          0.41112E-03  0.12588E-02  0.14544E-02  0.24713E-02
Cr 53          0.55410E-04  0.10641E-03  0.13382E-03  0.14393E-03
Cr 54          0.14825E-04  0.27034E-04  0.37194E-04  0.49911E-04
Mn 55          0.31789E-03  0.42703E-03  0.58485E-03  0.49373E-03
Fe 54          0.37876E-02  0.41418E-02  0.40343E-02  0.58885E-02
Fe 56          0.35656E-01  0.11501E+00  0.10443E+00  0.27724E+00
Fe 57          0.12172E-02  0.29745E-02  0.41083E-02  0.88989E-02
Fe 58          0.42410E-03  0.84056E-03  0.17648E-02  0.13591E-02
Co 59          0.24286E-03  0.50792E-03  0.65968E-03  0.14235E-02
Ni 58          0.15211E-02  0.12481E-02  0.33750E-02  0.71356E-02
Ni 60          0.12018E-02  0.36803E-02  0.33257E-02  0.11167E-01
Ni 61          0.24306E-03  0.53597E-03  0.91018E-03  0.85513E-03
Ni 62          0.36898E-03  0.72236E-03  0.83375E-03  0.29717E-02
Ni 64          0.16034E-03  0.71559E-03  0.69734E-04  0.19488E-02
Cu 63          0.98937E-04  0.28890E-03  0.61364E-04  0.58473E-03
Cu 65          0.41467E-04  0.20506E-03  0.20151E-04  0.57021E-03
Zn 64          0.52719E-04  0.28830E-03  0.83226E-04  0.63781E-03
Zn 66          0.71338E-04  0.34662E-03  0.73963E-04  0.10202E-02
Zn 67          0.11666E-04  0.72575E-04  0.30056E-05  0.23053E-03
Zn 68          0.53327E-04  0.42436E-03  0.11883E-04  0.14261E-02
Zn 70          0.24473E-05  0.19374E-04  0.58904E-06  0.56162E-04
Ga 69          0.68233E-05  0.51908E-04  0.12741E-05  0.16105E-03
Ga 71          0.49462E-05  0.36092E-04  0.22619E-05  0.12864E-03
Ge 70          0.87218E-05  0.62499E-04  0.20429E-05  0.23972E-03
Ge 72          0.99454E-05  0.10648E-03  0.41297E-05  0.40879E-03
Ge 73          0.24824E-05  0.23188E-04  0.76196E-06  0.95052E-04
Ge 74          0.20838E-04  0.28647E-03  0.31882E-04  0.13789E-02
Z=     0.0500
M                      20.          25.          30.          40.
E                      10.          10.          20.          30.
Mrem                  1.94         2.49         3.60         2.95
H   1          0.60703E+01  0.58689E+01  0.73355E+01  0.67856E+01
H   2          0.53001E-12  0.54628E-12  0.36972E-12  0.16921E-15
He  3          0.19781E-03  0.24322E-03  0.27872E-03  0.13887E-03
He  4          0.59333E+01  0.60942E+01  0.76883E+01  0.92255E+01
Li  6          0.17616E-14  0.18143E-14  0.12314E-14  0.31755E-18
Li  7          0.21122E-11  0.42726E-11  0.10644E-06  0.50299E-12
Be  9          0.10954E-14  0.14177E-14  0.20162E-16  0.10898E-21
B  10          0.38743E-09  0.26924E-09  0.39017E-09  0.18334E-09
B  11          0.16779E-08  0.11564E-08  0.17575E-08  0.82587E-09
C  12          0.26965E+00  0.18609E+00  0.14750E+00  0.39335E+00
C  13          0.33058E-02  0.18817E-02  0.40077E-02  0.22358E-02
N  14          0.12799E+00  0.13637E+00  0.18876E+00  0.29237E+00
N  15          0.10591E-03  0.56974E-03  0.37042E-02  0.45136E-04
O  16          0.18277E+01  0.28459E+01  0.44805E+01  0.64713E+01
O  17          0.45249E-02  0.46481E-02  0.88694E-02  0.14085E-01
O  18          0.34935E-01  0.13810E-01  0.15380E-01  0.40735E-01
F  19          0.31940E-04  0.19981E-03  0.25757E-03  0.41634E-04
Ne 20          0.50446E+00  0.71495E+00  0.15703E+00  0.15536E+01
Ne 21          0.60774E-02  0.43075E-02  0.45681E-03  0.57604E-02
Ne 22          0.21051E-01  0.25977E-01  0.22431E-01  0.35187E-01
Na 23          0.31966E-01  0.29298E-01  0.57108E-02  0.93944E-01
Mg 24          0.10540E+00  0.18802E+00  0.17348E+00  0.28671E+00
Mg 25          0.44522E-01  0.50790E-01  0.23842E-01  0.14332E+00
Mg 26          0.34143E-01  0.47055E-01  0.33978E-01  0.17262E+00
Al 27          0.24793E-01  0.37194E-01  0.40404E-01  0.11655E+00
Si 28          0.13717E+00  0.21476E+00  0.49306E+00  0.34939E+00
Si 29          0.10241E-01  0.17087E-01  0.70854E-01  0.40748E-01
Si 30          0.13273E-01  0.24409E-01  0.98637E-01  0.48417E-01
P  31          0.33781E-02  0.48681E-02  0.19766E-01  0.12354E-01
S  32          0.55876E-01  0.79957E-01  0.19413E+00  0.15331E+00
S  33          0.83918E-03  0.11215E-02  0.24670E-02  0.21250E-02
S  34          0.12215E-01  0.14636E-01  0.32192E-01  0.26435E-01
S  36          0.66355E-04  0.89483E-04  0.46201E-03  0.28505E-03
Cl 35          0.43205E-03  0.48865E-03  0.16782E-02  0.10488E-02
Cl 37          0.34579E-03  0.45678E-03  0.68627E-03  0.13870E-02
Ar 36          0.75767E-02  0.10320E-01  0.23167E-01  0.20409E-01
Ar 38          0.36891E-02  0.51568E-02  0.10436E-01  0.15074E-01
Ar 40          0.13537E-04  0.14512E-04  0.22942E-04  0.32585E-04
K  39          0.21121E-03  0.27349E-03  0.51492E-03  0.63186E-03
K  40          0.58607E-06  0.76604E-06  0.13781E-05  0.16326E-05
K  41          0.41046E-04  0.50315E-04  0.65145E-04  0.90892E-04
Ca 40          0.53178E-02  0.73460E-02  0.16243E-01  0.14343E-01
Ca 42          0.83956E-04  0.13416E-03  0.26523E-03  0.44146E-03
Ca 43          0.74014E-05  0.91547E-05  0.88481E-05  0.16854E-04
Ca 44          0.98318E-04  0.16010E-03  0.21087E-03  0.51977E-03
Ca 46          0.44877E-05  0.56571E-05  0.11062E-04  0.12078E-04
Ca 48          0.60329E-05  0.66871E-05  0.72217E-05  0.87444E-05
Sc 45          0.62180E-05  0.83786E-05  0.10821E-04  0.19338E-04
Ti 46          0.32302E-04  0.51476E-04  0.10469E-03  0.17805E-03
Ti 47          0.13232E-04  0.17798E-04  0.22503E-04  0.38774E-04
Ti 48          0.13550E-03  0.21652E-03  0.34824E-03  0.74722E-03
Ti 49          0.12791E-04  0.16270E-04  0.20522E-04  0.42164E-04
Ti 50          0.22523E-04  0.31412E-04  0.56196E-04  0.10186E-03
V  50          0.22713E-06  0.36828E-06  0.39970E-06  0.56905E-06
V  51          0.23849E-04  0.31028E-04  0.51311E-04  0.71493E-04
Cr 50          0.12457E-03  0.12484E-03  0.45973E-03  0.28165E-03
Cr 52          0.98486E-03  0.13219E-02  0.26060E-02  0.31531E-02
Cr 53          0.13101E-03  0.14043E-03  0.36892E-03  0.34032E-03
Cr 54          0.51180E-04  0.64698E-04  0.85224E-04  0.14487E-03
Mn 55          0.75370E-03  0.73290E-03  0.17333E-02  0.13974E-02
Fe 54          0.74202E-02  0.64132E-02  0.24280E-01  0.10091E-01
Fe 56          0.66804E-01  0.10748E+00  0.15535E+00  0.24858E+00
Fe 57          0.23400E-02  0.34881E-02  0.52358E-02  0.10111E-01
Fe 58          0.15376E-02  0.20078E-02  0.28236E-02  0.37917E-02
Co 59          0.72679E-03  0.95420E-03  0.57573E-03  0.19521E-02
Ni 58          0.35003E-02  0.31210E-02  0.80811E-02  0.12133E-01
Ni 60          0.24624E-02  0.42553E-02  0.50333E-02  0.10530E-01
Ni 61          0.64637E-03  0.89729E-03  0.36471E-03  0.12165E-02
Ni 62          0.11432E-02  0.18037E-02  0.32851E-02  0.51517E-02
Ni 64          0.12117E-02  0.17804E-02  0.24651E-02  0.52023E-02
Cu 63          0.51903E-03  0.73018E-03  0.25413E-03  0.16348E-02
Cu 65          0.25642E-03  0.40682E-03  0.27440E-03  0.12332E-02
Zn 64          0.64718E-04  0.16794E-03  0.97037E-04  0.46141E-03
Zn 66          0.36107E-03  0.61122E-03  0.67019E-03  0.21144E-02
Zn 67          0.96969E-04  0.16250E-03  0.79540E-04  0.57760E-03
Zn 68          0.47501E-03  0.86142E-03  0.19207E-02  0.34661E-02
Zn 70          0.44859E-04  0.65984E-04  0.17964E-03  0.28008E-03
Ga 69          0.56415E-04  0.96863E-04  0.70668E-04  0.40991E-03
Ga 71          0.36720E-04  0.66873E-04  0.24191E-03  0.26571E-03
Ge 70          0.63454E-04  0.10939E-03  0.11296E-03  0.54907E-03
Ge 72          0.11670E-03  0.20694E-03  0.38595E-03  0.10260E-02
Ge 73          0.31683E-04  0.52177E-04  0.38572E-04  0.25125E-03
Ge 74          0.39203E-03  0.62757E-03  0.27743E-02  0.46262E-02
