M                      0.9          1.0          1.2          1.5          1.8          1.9          2.0          2.2          2.5          3.0          3.5          4.0          4.5          5.0          5.5          6.0          6.5          7.0          8.0         10.0         11.0         13.0         15.0         18.0         20.0         25.0         30.0         40.0        100.0        140.0        140.0        150.0        170.0        200.0        270.0        300.0
E                       0.           0.           0.           0.           0.           0.           0.           0.           0.           0.           0.           0.           0.           0.           0.           0.           0.           0.           0.           0.           1.           1.           1.           1.           1.           1.           1.           1.           1.           1.           9.          16.          28.          44.          49.          50.
Mrem                 0.798        0.843        0.902        0.962        1.021        1.056        1.080        1.085        1.090        1.101        1.103        1.105        1.107        1.109        1.110        1.112        1.114        1.116        1.120        1.150        1.500        1.570        1.480        1.650        1.660        1.920        2.070        2.890       10.430       13.199        0.000        0.000        0.000        0.000        0.000        0.000
H   1          0.69896E-01  0.10357E+00  0.22939E+00  0.35521E+00  0.48104E+00  0.55653E+00  0.60685E+00  0.74530E+00  0.87408E+00  0.11027E+01  0.00000E+00  0.00000E+00  0.00000E+00  0.00000E+00  0.00000E+00  0.00000E+00  0.00000E+00  0.00000E+00  0.00000E+00  0.00000E+00  0.58042E+01  0.65948E+01  0.75791E+01  0.84311E+01  0.87742E+01  0.10639E+02  0.11693E+02  0.14028E+02  0.26807E+02  0.31500E+02  0.33277E+02  0.35654E+02  0.40810E+02  0.37250E+02  0.65820E+02  0.75850E+02
H   2          0.13781E-04  0.14395E-04  0.23915E-04  0.24692E-04  0.16727E-04  0.77510E-05  0.18610E-07  0.17670E-07  0.14256E-07  0.63471E-17  0.00000E+00  0.00000E+00  0.00000E+00  0.00000E+00  0.00000E+00  0.00000E+00  0.00000E+00  0.00000E+00  0.00000E+00  0.00000E+00  0.18923E-15  0.14917E-15  0.16930E-15  0.12831E-15  0.86589E-16  0.20198E-15  0.13430E-15  0.34610E-15  0.10105E-14  0.12545E-14  0.26613E-15  0.28514E-15  0.36670E-04  0.20380E-15  0.18380E-12  0.24826E-12
He  3          0.81778E-05  0.25188E-04  0.41868E-04  0.43276E-04  0.29410E-04  0.13760E-04  0.27165E-06  0.26131E-06  0.21625E-06  0.21992E-07  0.00000E+00  0.00000E+00  0.00000E+00  0.00000E+00  0.00000E+00  0.00000E+00  0.00000E+00  0.00000E+00  0.00000E+00  0.00000E+00  0.39043E-04  0.41189E-04  0.40865E-04  0.33301E-04  0.47561E-04  0.21065E-03  0.20619E-03  0.25648E-04  0.15186E-04  0.11344E-04  0.25439E-04  0.27256E-04  0.11220E-03  0.31830E-04  0.39550E-04  0.42260E-04
He  4          0.31337E-01  0.51733E-01  0.11521E+00  0.17937E+00  0.24422E+00  0.28345E+00  0.30975E+00  0.41251E+00  0.52382E+00  0.77212E+00  0.00000E+00  0.00000E+00  0.00000E+00  0.00000E+00  0.00000E+00  0.00000E+00  0.00000E+00  0.00000E+00  0.00000E+00  0.00000E+00  0.34276E+01  0.40136E+01  0.44008E+01  0.54219E+01  0.59363E+01  0.80268E+01  0.95219E+01  0.11893E+02  0.30790E+02  0.37729E+02  0.38927E+02  0.41708E+02  0.47950E+02  0.49030E+02  0.79010E+02  0.89535E+02
Li  6          0.00000E+00  0.00000E+00  0.00000E+00  0.00000E+00  0.00000E+00  0.00000E+00  0.00000E+00  0.00000E+00  0.00000E+00  0.00000E+00  0.00000E+00  0.00000E+00  0.00000E+00  0.00000E+00  0.00000E+00  0.00000E+00  0.00000E+00  0.00000E+00  0.00000E+00  0.00000E+00  0.23047E-18  0.36536E-22  0.11110E-21  0.43739E-22  0.36517E-20  0.26853E-20  0.11331E-21  0.75354E-21  0.18305E-18  0.24999E-18  0.17782E-18  0.19052E-18  0.39280E-14  0.15830E-19  0.93280E-17  0.12597E-16
Li  7          0.74702E-10  0.19836E-09  0.36856E-09  0.46110E-09  0.47597E-09  0.44761E-09  0.41317E-09  0.40654E-09  0.35094E-09  0.92799E-10  0.00000E+00  0.00000E+00  0.00000E+00  0.00000E+00  0.00000E+00  0.00000E+00  0.00000E+00  0.00000E+00  0.00000E+00  0.00000E+00  0.59255E-09  0.21747E-09  0.29423E-09  0.73410E-10  0.27861E-09  0.56774E-08  0.23600E-07  0.37587E-10  0.41550E-09  0.55427E-09  0.27698E-09  0.29676E-09  0.57660E-08  0.57890E-09  0.55220E-08  0.72574E-08
Be  9          0.00000E+00  0.00000E+00  0.00000E+00  0.00000E+00  0.00000E+00  0.00000E+00  0.00000E+00  0.00000E+00  0.00000E+00  0.00000E+00  0.00000E+00  0.00000E+00  0.00000E+00  0.00000E+00  0.00000E+00  0.00000E+00  0.00000E+00  0.00000E+00  0.00000E+00  0.00000E+00  0.33171E-22  0.17735E-19  0.32153E-21  0.10538E-21  0.44857E-22  0.12403E-16  0.12594E-19  0.53272E-19  0.44509E-17  0.60658E-17  0.81777E-21  0.87618E-21  0.12910E-13  0.28380E-17  0.43960E-20  0.00000E+00
B  10          0.00000E+00  0.00000E+00  0.00000E+00  0.00000E+00  0.00000E+00  0.00000E+00  0.00000E+00  0.00000E+00  0.00000E+00  0.00000E+00  0.00000E+00  0.00000E+00  0.00000E+00  0.00000E+00  0.00000E+00  0.00000E+00  0.00000E+00  0.00000E+00  0.00000E+00  0.00000E+00  0.14412E-17  0.29222E-20  0.83016E-19  0.39242E-20  0.15684E-18  0.28650E-17  0.51808E-19  0.23653E-16  0.17040E-16  0.14612E-16  0.11761E-13  0.12601E-13  0.66400E-21  0.20270E-13  0.36220E-15  0.00000E+00
B  11          0.00000E+00  0.00000E+00  0.00000E+00  0.00000E+00  0.00000E+00  0.00000E+00  0.00000E+00  0.00000E+00  0.00000E+00  0.00000E+00  0.00000E+00  0.00000E+00  0.00000E+00  0.00000E+00  0.00000E+00  0.00000E+00  0.00000E+00  0.00000E+00  0.00000E+00  0.00000E+00  0.27952E-14  0.29406E-15  0.32969E-15  0.71387E-15  0.65449E-16  0.94557E-15  0.32678E-14  0.30727E-13  0.74666E-09  0.10208E-08  0.63522E-13  0.68059E-13  0.82120E-08  0.14410E-11  0.74610E-08  0.10080E-07
C  12          0.64239E-04  0.28945E-03  0.49221E-03  0.53163E-03  0.40769E-03  0.25492E-03  0.12040E-03  0.25649E-03  0.43631E-03  0.92715E-03  0.00000E+00  0.00000E+00  0.00000E+00  0.00000E+00  0.00000E+00  0.00000E+00  0.00000E+00  0.00000E+00  0.00000E+00  0.00000E+00  0.55262E-01  0.74066E-01  0.17161E+00  0.21849E+00  0.21055E+00  0.29357E+00  0.33746E+00  0.42870E+00  0.10791E+01  0.13179E+01  0.59033E+01  0.63250E+01  0.22970E+01  0.42410E+01  0.18860E+01  0.10592E+01
C  13          0.12793E-04  0.56825E-04  0.97036E-04  0.10562E-03  0.82579E-04  0.53573E-04  0.27910E-04  0.60038E-04  0.10255E-03  0.21871E-03  0.00000E+00  0.00000E+00  0.00000E+00  0.00000E+00  0.00000E+00  0.00000E+00  0.00000E+00  0.00000E+00  0.00000E+00  0.00000E+00  0.28662E-06  0.83905E-07  0.62053E-07  0.26273E-08  0.11376E-07  0.14655E-07  0.10202E-07  0.32148E-08  0.67138E-07  0.90611E-07  0.30411E-06  0.32583E-06  0.38490E-06  0.34910E-06  0.47240E-03  0.63813E-03
N  14          0.14931E-03  0.61522E-03  0.13204E-02  0.19792E-02  0.25916E-02  0.29367E-02  0.31575E-02  0.63940E-02  0.10638E-01  0.22146E-01  0.00000E+00  0.00000E+00  0.00000E+00  0.00000E+00  0.00000E+00  0.00000E+00  0.00000E+00  0.00000E+00  0.00000E+00  0.00000E+00  0.18322E-02  0.18322E-02  0.18580E-02  0.18913E-03  0.54226E-04  0.59124E-03  0.16378E-05  0.58923E-06  0.88761E-04  0.12114E-03  0.13294E-01  0.14244E-01  0.10390E-01  0.58390E-03  0.12630E-01  0.16859E-01
N  15          0.39376E-07  0.17956E-06  0.31128E-06  0.34815E-06  0.29019E-06  0.20989E-06  0.13738E-06  0.34626E-06  0.62756E-06  0.14074E-05  0.00000E+00  0.00000E+00  0.00000E+00  0.00000E+00  0.00000E+00  0.00000E+00  0.00000E+00  0.00000E+00  0.00000E+00  0.00000E+00  0.28580E-03  0.63845E-07  0.68632E-07  0.23976E-07  0.11323E-07  0.11747E-06  0.16749E-07  0.62926E-06  0.90708E-04  0.12379E-03  0.57687E-06  0.61808E-06  0.48130E-05  0.11140E-05  0.18440E-01  0.24914E-01
O  16          0.18097E-03  0.68035E-03  0.11345E-02  0.11799E-02  0.81675E-03  0.40270E-03  0.44938E-04  0.86803E-04  0.14124E-03  0.28781E-03  0.00000E+00  0.00000E+00  0.00000E+00  0.00000E+00  0.00000E+00  0.00000E+00  0.00000E+00  0.00000E+00  0.00000E+00  0.00000E+00  0.11344E+00  0.44963E+00  0.77272E+00  0.13788E+01  0.21053E+01  0.27910E+01  0.48120E+01  0.83820E+01  0.22637E+02  0.27872E+02  0.49523E+02  0.53060E+02  0.44230E+02  0.55950E+02  0.44310E+02  0.40223E+02
O  17          0.20418E-05  0.71365E-05  0.11867E-04  0.12276E-04  0.83635E-05  0.39411E-05  0.12851E-06  0.30052E-06  0.53046E-06  0.11641E-05  0.00000E+00  0.00000E+00  0.00000E+00  0.00000E+00  0.00000E+00  0.00000E+00  0.00000E+00  0.00000E+00  0.00000E+00  0.00000E+00  0.16812E-05  0.16944E-05  0.15681E-05  0.27915E-06  0.68299E-07  0.14892E-05  0.18829E-07  0.14216E-08  0.44355E-06  0.60590E-06  0.36562E-04  0.39174E-04  0.45460E-04  0.77570E-06  0.15030E-01  0.20306E-01
O  18          0.49576E-06  0.22866E-05  0.37985E-05  0.39214E-05  0.26553E-05  0.12288E-05  0.64682E-10  0.13197E-09  0.22031E-09  0.46013E-09  0.00000E+00  0.00000E+00  0.00000E+00  0.00000E+00  0.00000E+00  0.00000E+00  0.00000E+00  0.00000E+00  0.00000E+00  0.00000E+00  0.66569E-06  0.57921E-07  0.48937E-05  0.46303E-05  0.25246E-07  0.67454E-06  0.20647E-08  0.21284E-06  0.35035E-07  0.00000E+00  0.23576E-06  0.25260E-06  0.99850E-02  0.10540E-04  0.40100E-03  0.53808E-03
F  19          0.21107E-06  0.97728E-06  0.16235E-05  0.16761E-05  0.11350E-05  0.52540E-06  0.26484E-09  0.59741E-09  0.10401E-08  0.22560E-08  0.00000E+00  0.00000E+00  0.00000E+00  0.00000E+00  0.00000E+00  0.00000E+00  0.00000E+00  0.00000E+00  0.00000E+00  0.00000E+00  0.16106E-07  0.11701E-09  0.19716E-08  0.79096E-08  0.16245E-08  0.17101E-08  0.89387E-09  0.23819E-09  0.23685E-06  0.32374E-06  0.97515E-08  0.10448E-07  0.64890E-06  0.94770E-07  0.20380E-05  0.27202E-05
Ne 20          0.75340E-07  0.27101E-06  0.28295E-05  0.78336E-05  0.15283E-04  0.20927E-04  0.25179E-04  0.64252E-04  0.11693E-03  0.26311E-03  0.00000E+00  0.00000E+00  0.00000E+00  0.00000E+00  0.00000E+00  0.00000E+00  0.00000E+00  0.00000E+00  0.00000E+00  0.00000E+00  0.21786E-01  0.15286E-01  0.32650E+00  0.49379E+00  0.91209E+00  0.53301E+00  0.85071E+00  0.30724E+00  0.19772E+01  0.25904E+01  0.31580E+01  0.33836E+01  0.11900E+01  0.37480E+01  0.46970E+01  0.50302E+01
Ne 21          0.15720E-08  0.72806E-08  0.12252E-07  0.12972E-07  0.94419E-08  0.52835E-08  0.16611E-08  0.26630E-08  0.39002E-08  0.70808E-08  0.00000E+00  0.00000E+00  0.00000E+00  0.00000E+00  0.00000E+00  0.00000E+00  0.00000E+00  0.00000E+00  0.00000E+00  0.00000E+00  0.49406E-06  0.54217E-06  0.37616E-04  0.91178E-04  0.42995E-04  0.13344E-04  0.55124E-04  0.10840E-04  0.65422E-03  0.89048E-03  0.82179E-03  0.88049E-03  0.16320E-03  0.20010E-03  0.93800E-03  0.11971E-02
Ne 22          0.14367E-05  0.66559E-05  0.11098E-04  0.11542E-04  0.79883E-05  0.39369E-05  0.43624E-06  0.19619E-05  0.40800E-05  0.10093E-04  0.00000E+00  0.00000E+00  0.00000E+00  0.00000E+00  0.00000E+00  0.00000E+00  0.00000E+00  0.00000E+00  0.00000E+00  0.00000E+00  0.29077E-06  0.19846E-06  0.16064E-04  0.25736E-04  0.69231E-04  0.20155E-04  0.85699E-04  0.67483E-05  0.17470E-02  0.23860E-02  0.82971E-03  0.88897E-03  0.10210E-02  0.22510E-03  0.76230E-03  0.95090E-03
Na 23          0.38327E-07  0.17752E-06  0.40737E-06  0.65277E-06  0.91372E-06  0.10777E-05  0.11902E-05  0.39077E-05  0.76341E-05  0.18114E-04  0.00000E+00  0.00000E+00  0.00000E+00  0.00000E+00  0.00000E+00  0.00000E+00  0.00000E+00  0.00000E+00  0.00000E+00  0.00000E+00  0.13683E-04  0.14409E-03  0.24470E-02  0.20781E-02  0.29023E-02  0.10266E-02  0.14159E-02  0.18427E-03  0.49877E-02  0.67516E-02  0.87489E-02  0.93738E-02  0.57620E-02  0.69990E-02  0.71590E-02  0.72152E-02
Mg 24          0.46156E-07  0.21382E-06  0.37142E-06  0.41691E-06  0.35029E-06  0.25651E-06  0.17157E-06  0.23951E-06  0.31681E-06  0.49952E-06  0.00000E+00  0.00000E+00  0.00000E+00  0.00000E+00  0.00000E+00  0.00000E+00  0.00000E+00  0.00000E+00  0.00000E+00  0.00000E+00  0.28127E-01  0.86196E-01  0.68211E-01  0.15690E+00  0.15026E+00  0.11972E+00  0.22647E+00  0.47787E+00  0.16986E+01  0.21469E+01  0.25751E+01  0.27590E+01  0.19430E+01  0.30750E+01  0.47780E+01  0.53759E+01
Mg 25          0.11716E-07  0.49699E-07  0.23520E-06  0.55796E-06  0.10180E-05  0.13599E-05  0.16152E-05  0.60824E-05  0.12246E-04  0.29664E-04  0.00000E+00  0.00000E+00  0.00000E+00  0.00000E+00  0.00000E+00  0.00000E+00  0.00000E+00  0.00000E+00  0.00000E+00  0.00000E+00  0.45274E-04  0.15594E-03  0.29789E-03  0.58257E-03  0.11642E-03  0.39690E-04  0.24380E-03  0.42824E-03  0.36693E-02  0.48595E-02  0.39856E-02  0.42703E-02  0.12640E-02  0.12680E-02  0.18210E-01  0.24158E-01
Mg 26          0.30682E-08  0.64341E-08  0.74682E-06  0.22909E-05  0.46386E-05  0.64330E-05  0.77900E-05  0.27889E-04  0.55565E-04  0.13364E-03  0.00000E+00  0.00000E+00  0.00000E+00  0.00000E+00  0.00000E+00  0.00000E+00  0.00000E+00  0.00000E+00  0.00000E+00  0.00000E+00  0.35436E-04  0.71701E-04  0.39931E-03  0.87675E-03  0.23840E-03  0.50899E-04  0.13161E-03  0.12643E-03  0.14203E-02  0.18954E-02  0.21622E-02  0.23166E-02  0.37488E-03  0.40675E-03  0.55330E-02  0.73327E-02
Al 27          0.29791E-08  0.25667E-10  0.11623E-06  0.35990E-06  0.73101E-06  0.10149E-05  0.12296E-05  0.33101E-05  0.61276E-05  0.13973E-04  0.00000E+00  0.00000E+00  0.00000E+00  0.00000E+00  0.00000E+00  0.00000E+00  0.00000E+00  0.00000E+00  0.00000E+00  0.00000E+00  0.72545E-03  0.37764E-02  0.13693E-02  0.31421E-02  0.13667E-02  0.80797E-03  0.26266E-02  0.14684E-01  0.29723E-01  0.35245E-01  0.26196E-01  0.28067E-01  0.20380E-01  0.15570E-01  0.86210E-01  0.11101E+00
Si 28          0.67919E-08  0.25893E-11  0.53645E-07  0.16613E-06  0.33746E-06  0.46851E-06  0.56764E-06  0.92182E-06  0.13614E-05  0.24966E-05  0.00000E+00  0.00000E+00  0.00000E+00  0.00000E+00  0.00000E+00  0.00000E+00  0.00000E+00  0.00000E+00  0.00000E+00  0.00000E+00  0.20425E-01  0.80380E-01  0.73241E-01  0.11620E+00  0.99380E-01  0.35086E+00  0.24790E+00  0.10248E+01  0.26482E+01  0.32443E+01  0.44476E+01  0.47653E+01  0.16160E+02  0.21220E+02  0.26950E+02  0.28962E+02
Si 29          0.78463E-09  0.12917E-12  0.11034E-07  0.34174E-07  0.69418E-07  0.96375E-07  0.11677E-06  0.20011E-06  0.30542E-06  0.58195E-06  0.00000E+00  0.00000E+00  0.00000E+00  0.00000E+00  0.00000E+00  0.00000E+00  0.00000E+00  0.00000E+00  0.00000E+00  0.00000E+00  0.12091E-03  0.74984E-03  0.23857E-03  0.44213E-03  0.18153E-03  0.27125E-03  0.58845E-03  0.26020E-02  0.86920E-02  0.10928E-01  0.20750E-01  0.22232E-01  0.21920E-01  0.14120E-01  0.58760E-01  0.74432E-01
Si 30          0.18762E-09  0.28788E-13  0.29016E-08  0.89863E-08  0.18254E-07  0.25343E-07  0.30705E-07  0.50971E-07  0.76322E-07  0.14228E-06  0.00000E+00  0.00000E+00  0.00000E+00  0.00000E+00  0.00000E+00  0.00000E+00  0.00000E+00  0.00000E+00  0.00000E+00  0.00000E+00  0.17249E-03  0.14221E-02  0.14923E-03  0.34464E-03  0.10965E-03  0.75352E-04  0.25487E-03  0.40635E-02  0.69797E-02  0.80506E-02  0.31007E-02  0.33222E-02  0.20430E-03  0.96650E-03  0.43310E-01  0.58176E-01
P  31          0.14912E-08  0.32518E-12  0.45373E-07  0.14052E-06  0.28545E-06  0.39630E-06  0.48015E-06  0.78123E-06  0.11552E-05  0.21216E-05  0.00000E+00  0.00000E+00  0.00000E+00  0.00000E+00  0.00000E+00  0.00000E+00  0.00000E+00  0.00000E+00  0.00000E+00  0.00000E+00  0.48940E-04  0.48814E-03  0.56284E-04  0.13168E-03  0.80055E-04  0.84707E-04  0.11698E-03  0.16045E-02  0.26752E-02  0.30684E-02  0.21144E-02  0.22654E-02  0.40270E-03  0.74930E-03  0.31010E-01  0.41634E-01
S  32          0.29696E-09  0.19222E-12  0.16257E-07  0.50348E-07  0.10227E-06  0.14199E-06  0.17203E-06  0.24094E-06  0.31957E-06  0.50601E-06  0.00000E+00  0.00000E+00  0.00000E+00  0.00000E+00  0.00000E+00  0.00000E+00  0.00000E+00  0.00000E+00  0.00000E+00  0.00000E+00  0.78920E-02  0.23668E-01  0.32037E-01  0.40654E-01  0.53124E-01  0.18500E+00  0.11566E+00  0.37264E+00  0.12589E+01  0.15843E+01  0.16848E+01  0.18051E+01  0.86630E+01  0.13100E+02  0.15780E+02  0.16721E+02
S  33          0.42310E-10  0.52732E-14  0.80264E-09  0.24858E-08  0.50495E-08  0.70104E-08  0.84937E-08  0.12556E-07  0.17377E-07  0.29290E-07  0.00000E+00  0.00000E+00  0.00000E+00  0.00000E+00  0.00000E+00  0.00000E+00  0.00000E+00  0.00000E+00  0.00000E+00  0.00000E+00  0.15277E-04  0.89761E-04  0.75476E-04  0.10303E-03  0.19764E-03  0.27441E-03  0.16510E-03  0.80975E-03  0.25178E-02  0.31450E-02  0.59455E-02  0.63702E-02  0.12210E-01  0.60680E-02  0.33820E-01  0.43563E-01
S  34          0.14879E-10  0.20680E-13  0.48315E-09  0.14963E-08  0.30394E-08  0.42196E-08  0.51125E-08  0.89989E-08  0.13947E-07  0.27029E-07  0.00000E+00  0.00000E+00  0.00000E+00  0.00000E+00  0.00000E+00  0.00000E+00  0.00000E+00  0.00000E+00  0.00000E+00  0.00000E+00  0.40000E-04  0.27936E-03  0.20151E-03  0.28451E-03  0.48955E-03  0.42378E-03  0.84176E-04  0.15936E-02  0.45324E-02  0.56116E-02  0.54061E-02  0.57922E-02  0.70650E-03  0.10850E-03  0.27190E-01  0.36698E-01
S  36          0.00000E+00  0.00000E+00  0.00000E+00  0.00000E+00  0.00000E+00  0.00000E+00  0.00000E+00  0.00000E+00  0.00000E+00  0.00000E+00  0.00000E+00  0.00000E+00  0.00000E+00  0.00000E+00  0.00000E+00  0.00000E+00  0.00000E+00  0.00000E+00  0.00000E+00  0.00000E+00  0.15408E-08  0.14789E-07  0.14324E-08  0.53435E-08  0.25605E-08  0.34145E-09  0.70383E-09  0.31935E-07  0.14602E-06  0.18791E-06  0.46753E-07  0.50093E-07  0.67760E-09  0.48210E-09  0.79810E-06  0.10781E-05
Cl 35          0.00000E+00  0.00000E+00  0.00000E+00  0.00000E+00  0.00000E+00  0.00000E+00  0.00000E+00  0.00000E+00  0.00000E+00  0.00000E+00  0.00000E+00  0.00000E+00  0.00000E+00  0.00000E+00  0.00000E+00  0.00000E+00  0.00000E+00  0.00000E+00  0.00000E+00  0.00000E+00  0.35995E-05  0.54833E-04  0.14645E-04  0.26438E-04  0.68760E-04  0.54167E-04  0.22967E-04  0.21555E-03  0.39618E-03  0.46251E-03  0.58144E-03  0.62297E-03  0.30450E-03  0.12660E-03  0.18740E-01  0.25275E-01
Cl 37          0.00000E+00  0.00000E+00  0.00000E+00  0.00000E+00  0.00000E+00  0.00000E+00  0.00000E+00  0.00000E+00  0.00000E+00  0.00000E+00  0.00000E+00  0.00000E+00  0.00000E+00  0.00000E+00  0.00000E+00  0.00000E+00  0.00000E+00  0.00000E+00  0.00000E+00  0.00000E+00  0.10321E-05  0.30427E-05  0.58256E-05  0.91176E-05  0.38625E-04  0.61146E-04  0.15368E-04  0.96556E-04  0.21415E-03  0.25733E-03  0.55284E-03  0.59233E-03  0.16080E-02  0.81060E-03  0.24640E-01  0.33006E-01
Ar 36          0.00000E+00  0.00000E+00  0.00000E+00  0.00000E+00  0.00000E+00  0.00000E+00  0.00000E+00  0.00000E+00  0.00000E+00  0.00000E+00  0.00000E+00  0.00000E+00  0.00000E+00  0.00000E+00  0.00000E+00  0.00000E+00  0.00000E+00  0.00000E+00  0.00000E+00  0.00000E+00  0.14735E-02  0.32430E-02  0.52821E-02  0.56692E-02  0.96689E-02  0.31000E-01  0.19649E-01  0.48735E-01  0.18072E+00  0.22919E+00  0.21941E+00  0.23508E+00  0.14190E+01  0.23610E+01  0.26020E+01  0.26866E+01
Ar 38          0.00000E+00  0.00000E+00  0.00000E+00  0.00000E+00  0.00000E+00  0.00000E+00  0.00000E+00  0.00000E+00  0.00000E+00  0.00000E+00  0.00000E+00  0.00000E+00  0.00000E+00  0.00000E+00  0.00000E+00  0.00000E+00  0.00000E+00  0.00000E+00  0.00000E+00  0.00000E+00  0.60462E-05  0.52278E-04  0.62310E-04  0.17001E-03  0.38567E-03  0.35894E-03  0.34841E-04  0.11076E-02  0.15986E-02  0.17789E-02  0.32526E-02  0.34849E-02  0.83380E-03  0.19490E-04  0.39020E-01  0.52712E-01
Ar 40          0.00000E+00  0.00000E+00  0.00000E+00  0.00000E+00  0.00000E+00  0.00000E+00  0.00000E+00  0.00000E+00  0.00000E+00  0.00000E+00  0.00000E+00  0.00000E+00  0.00000E+00  0.00000E+00  0.00000E+00  0.00000E+00  0.00000E+00  0.00000E+00  0.00000E+00  0.00000E+00  0.70480E-11  0.80111E-10  0.17766E-10  0.39586E-10  0.10569E-09  0.17687E-10  0.46636E-11  0.12950E-09  0.82513E-09  0.10806E-08  0.19268E-09  0.20644E-09  0.10360E-10  0.42870E-11  0.35270E-08  0.47638E-08
K  39          0.00000E+00  0.00000E+00  0.00000E+00  0.00000E+00  0.00000E+00  0.00000E+00  0.00000E+00  0.00000E+00  0.00000E+00  0.00000E+00  0.00000E+00  0.00000E+00  0.00000E+00  0.00000E+00  0.00000E+00  0.00000E+00  0.00000E+00  0.00000E+00  0.00000E+00  0.00000E+00  0.18691E-05  0.50215E-05  0.78636E-05  0.19288E-04  0.44045E-04  0.62997E-04  0.13047E-04  0.11768E-03  0.21971E-03  0.25718E-03  0.74599E-03  0.79928E-03  0.50290E-03  0.45900E-04  0.31960E-02  0.43019E-02
K  40          0.00000E+00  0.00000E+00  0.00000E+00  0.00000E+00  0.00000E+00  0.00000E+00  0.00000E+00  0.00000E+00  0.00000E+00  0.00000E+00  0.00000E+00  0.00000E+00  0.00000E+00  0.00000E+00  0.00000E+00  0.00000E+00  0.00000E+00  0.00000E+00  0.00000E+00  0.00000E+00  0.10196E-09  0.11388E-08  0.90974E-09  0.19639E-08  0.12968E-07  0.80400E-08  0.99366E-09  0.10408E-07  0.18831E-07  0.21924E-07  0.31190E-07  0.33418E-07  0.19320E-07  0.16180E-08  0.12290E-07  0.16037E-07
K  41          0.00000E+00  0.00000E+00  0.00000E+00  0.00000E+00  0.00000E+00  0.00000E+00  0.00000E+00  0.00000E+00  0.00000E+00  0.00000E+00  0.00000E+00  0.00000E+00  0.00000E+00  0.00000E+00  0.00000E+00  0.00000E+00  0.00000E+00  0.00000E+00  0.00000E+00  0.00000E+00  0.23243E-06  0.35421E-06  0.80509E-06  0.17234E-05  0.94660E-05  0.20768E-04  0.33875E-05  0.27967E-04  0.45234E-04  0.51575E-04  0.12618E-03  0.13519E-03  0.40320E-03  0.19470E-03  0.11260E-02  0.14530E-02
Ca 40          0.00000E+00  0.00000E+00  0.00000E+00  0.00000E+00  0.00000E+00  0.00000E+00  0.00000E+00  0.00000E+00  0.00000E+00  0.00000E+00  0.00000E+00  0.00000E+00  0.00000E+00  0.00000E+00  0.00000E+00  0.00000E+00  0.00000E+00  0.00000E+00  0.00000E+00  0.00000E+00  0.13925E-02  0.29180E-02  0.44089E-02  0.43960E-02  0.62173E-02  0.24798E-01  0.17356E-01  0.37307E-01  0.14880E+00  0.18974E+00  0.17570E+00  0.18825E+00  0.13190E+01  0.23160E+01  0.27520E+01  0.29051E+01
Ca 42          0.00000E+00  0.00000E+00  0.00000E+00  0.00000E+00  0.00000E+00  0.00000E+00  0.00000E+00  0.00000E+00  0.00000E+00  0.00000E+00  0.00000E+00  0.00000E+00  0.00000E+00  0.00000E+00  0.00000E+00  0.00000E+00  0.00000E+00  0.00000E+00  0.00000E+00  0.00000E+00  0.14925E-06  0.97653E-06  0.12283E-05  0.36241E-05  0.12832E-04  0.74613E-05  0.86206E-06  0.21676E-04  0.35268E-04  0.40259E-04  0.80056E-04  0.85774E-04  0.24520E-04  0.72540E-06  0.10850E-02  0.14657E-02
Ca 43          0.00000E+00  0.00000E+00  0.00000E+00  0.00000E+00  0.00000E+00  0.00000E+00  0.00000E+00  0.00000E+00  0.00000E+00  0.00000E+00  0.00000E+00  0.00000E+00  0.00000E+00  0.00000E+00  0.00000E+00  0.00000E+00  0.00000E+00  0.00000E+00  0.00000E+00  0.00000E+00  0.13686E-07  0.64614E-07  0.49295E-07  0.33865E-07  0.74294E-07  0.15796E-07  0.19320E-08  0.96511E-08  0.22835E-07  0.27676E-07  0.66297E-07  0.71033E-07  0.11360E-07  0.20250E-06  0.15440E-02  0.20860E-02
Ca 44          0.00000E+00  0.00000E+00  0.00000E+00  0.00000E+00  0.00000E+00  0.00000E+00  0.00000E+00  0.00000E+00  0.00000E+00  0.00000E+00  0.00000E+00  0.00000E+00  0.00000E+00  0.00000E+00  0.00000E+00  0.00000E+00  0.00000E+00  0.00000E+00  0.00000E+00  0.00000E+00  0.17120E-05  0.16814E-04  0.22050E-04  0.14464E-04  0.14530E-04  0.97924E-05  0.54417E-05  0.87118E-05  0.18801E-04  0.22506E-04  0.26454E-04  0.28344E-04  0.20370E-03  0.47170E-03  0.90110E-02  0.12009E-01
Ca 46          0.00000E+00  0.00000E+00  0.00000E+00  0.00000E+00  0.00000E+00  0.00000E+00  0.00000E+00  0.00000E+00  0.00000E+00  0.00000E+00  0.00000E+00  0.00000E+00  0.00000E+00  0.00000E+00  0.00000E+00  0.00000E+00  0.00000E+00  0.00000E+00  0.00000E+00  0.00000E+00  0.28515E-12  0.10687E-11  0.17607E-11  0.92707E-11  0.13007E-09  0.27795E-10  0.60487E-12  0.51989E-11  0.11659E-09  0.15749E-09  0.20184E-10  0.21626E-10  0.14130E-11  0.42280E-11  0.47660E-07  0.64391E-07
Ca 48          0.00000E+00  0.00000E+00  0.00000E+00  0.00000E+00  0.00000E+00  0.00000E+00  0.00000E+00  0.00000E+00  0.00000E+00  0.00000E+00  0.00000E+00  0.00000E+00  0.00000E+00  0.00000E+00  0.00000E+00  0.00000E+00  0.00000E+00  0.00000E+00  0.00000E+00  0.00000E+00  0.82224E-15  0.15458E-16  0.42126E-13  0.41232E-15  0.43964E-15  0.12636E-10  0.35470E-15  0.13019E-16  0.78584E-14  0.10739E-13  0.41074E-11  0.44008E-11  0.15390E-15  0.27510E-11  0.13070E-13  0.00000E+00
Sc 45          0.00000E+00  0.00000E+00  0.00000E+00  0.00000E+00  0.00000E+00  0.00000E+00  0.00000E+00  0.00000E+00  0.00000E+00  0.00000E+00  0.00000E+00  0.00000E+00  0.00000E+00  0.00000E+00  0.00000E+00  0.00000E+00  0.00000E+00  0.00000E+00  0.00000E+00  0.00000E+00  0.18361E-07  0.21194E-07  0.40312E-07  0.55388E-07  0.25532E-06  0.61634E-06  0.15101E-06  0.58135E-06  0.14197E-05  0.17276E-05  0.25639E-05  0.27470E-05  0.74920E-05  0.81010E-05  0.65970E-03  0.88846E-03
Ti 46          0.00000E+00  0.00000E+00  0.00000E+00  0.00000E+00  0.00000E+00  0.00000E+00  0.00000E+00  0.00000E+00  0.00000E+00  0.00000E+00  0.00000E+00  0.00000E+00  0.00000E+00  0.00000E+00  0.00000E+00  0.00000E+00  0.00000E+00  0.00000E+00  0.00000E+00  0.00000E+00  0.86724E-07  0.62779E-05  0.27130E-05  0.40624E-05  0.59834E-05  0.31791E-05  0.52831E-06  0.10792E-04  0.15625E-04  0.17400E-04  0.31591E-04  0.33847E-04  0.13500E-04  0.92820E-06  0.77560E-03  0.10476E-02
Ti 47          0.00000E+00  0.00000E+00  0.00000E+00  0.00000E+00  0.00000E+00  0.00000E+00  0.00000E+00  0.00000E+00  0.00000E+00  0.00000E+00  0.00000E+00  0.00000E+00  0.00000E+00  0.00000E+00  0.00000E+00  0.00000E+00  0.00000E+00  0.00000E+00  0.00000E+00  0.00000E+00  0.37295E-07  0.87624E-05  0.38635E-05  0.53007E-05  0.42557E-05  0.59029E-07  0.38034E-07  0.92987E-07  0.12986E-06  0.14340E-06  0.16334E-06  0.17501E-06  0.30350E-06  0.34900E-05  0.75760E-03  0.10224E-02
Ti 48          0.00000E+00  0.00000E+00  0.00000E+00  0.00000E+00  0.00000E+00  0.00000E+00  0.00000E+00  0.00000E+00  0.00000E+00  0.00000E+00  0.00000E+00  0.00000E+00  0.00000E+00  0.00000E+00  0.00000E+00  0.00000E+00  0.00000E+00  0.00000E+00  0.00000E+00  0.00000E+00  0.19996E-04  0.63384E-04  0.83868E-04  0.76528E-04  0.88559E-04  0.15537E-03  0.18050E-03  0.24497E-03  0.36649E-03  0.41111E-03  0.33087E-04  0.35450E-04  0.62510E-02  0.11480E-01  0.13160E-01  0.13750E-01
Ti 49          0.00000E+00  0.00000E+00  0.00000E+00  0.00000E+00  0.00000E+00  0.00000E+00  0.00000E+00  0.00000E+00  0.00000E+00  0.00000E+00  0.00000E+00  0.00000E+00  0.00000E+00  0.00000E+00  0.00000E+00  0.00000E+00  0.00000E+00  0.00000E+00  0.00000E+00  0.00000E+00  0.10334E-05  0.22700E-05  0.33185E-05  0.29975E-05  0.39355E-05  0.70416E-05  0.88396E-05  0.12001E-04  0.28263E-04  0.34235E-04  0.39715E-05  0.42552E-05  0.18900E-03  0.33540E-03  0.62970E-03  0.73302E-03
Ti 50          0.00000E+00  0.00000E+00  0.00000E+00  0.00000E+00  0.00000E+00  0.00000E+00  0.00000E+00  0.00000E+00  0.00000E+00  0.00000E+00  0.00000E+00  0.00000E+00  0.00000E+00  0.00000E+00  0.00000E+00  0.00000E+00  0.00000E+00  0.00000E+00  0.00000E+00  0.00000E+00  0.24584E-12  0.11807E-11  0.95517E-12  0.17164E-11  0.18314E-11  0.22393E-11  0.45877E-13  0.94133E-11  0.11734E-10  0.12586E-10  0.41870E-11  0.44861E-11  0.44790E-13  0.27690E-11  0.15930E-10  0.20551E-10
V  50          0.00000E+00  0.00000E+00  0.00000E+00  0.00000E+00  0.00000E+00  0.00000E+00  0.00000E+00  0.00000E+00  0.00000E+00  0.00000E+00  0.00000E+00  0.00000E+00  0.00000E+00  0.00000E+00  0.00000E+00  0.00000E+00  0.00000E+00  0.00000E+00  0.00000E+00  0.00000E+00  0.10046E-11  0.13545E-10  0.10472E-10  0.46045E-10  0.13586E-09  0.11700E-09  0.26422E-11  0.65284E-09  0.15838E-09  0.00000E+00  0.95835E-10  0.10268E-09  0.30710E-10  0.82210E-11  0.52820E-09  0.71075E-09
V  51          0.00000E+00  0.00000E+00  0.00000E+00  0.00000E+00  0.00000E+00  0.00000E+00  0.00000E+00  0.00000E+00  0.00000E+00  0.00000E+00  0.00000E+00  0.00000E+00  0.00000E+00  0.00000E+00  0.00000E+00  0.00000E+00  0.00000E+00  0.00000E+00  0.00000E+00  0.00000E+00  0.10141E-05  0.16543E-04  0.10812E-04  0.12356E-04  0.11027E-04  0.90134E-05  0.10586E-04  0.17578E-04  0.31150E-04  0.36134E-04  0.56375E-05  0.60402E-05  0.19920E-03  0.13080E-03  0.12530E-02  0.16470E-02
Cr 50          0.00000E+00  0.00000E+00  0.00000E+00  0.00000E+00  0.00000E+00  0.00000E+00  0.00000E+00  0.00000E+00  0.00000E+00  0.00000E+00  0.00000E+00  0.00000E+00  0.00000E+00  0.00000E+00  0.00000E+00  0.00000E+00  0.00000E+00  0.00000E+00  0.00000E+00  0.00000E+00  0.28359E-05  0.10364E-04  0.15514E-04  0.26418E-04  0.22210E-04  0.48799E-04  0.38223E-04  0.17794E-03  0.29067E-03  0.33207E-03  0.10573E-03  0.11328E-03  0.48180E-03  0.12320E-03  0.66410E-02  0.89293E-02
Cr 52          0.00000E+00  0.00000E+00  0.00000E+00  0.00000E+00  0.00000E+00  0.00000E+00  0.00000E+00  0.00000E+00  0.00000E+00  0.00000E+00  0.00000E+00  0.00000E+00  0.00000E+00  0.00000E+00  0.00000E+00  0.00000E+00  0.00000E+00  0.00000E+00  0.00000E+00  0.00000E+00  0.31987E-03  0.87976E-03  0.10851E-02  0.11282E-02  0.13628E-02  0.27679E-02  0.31211E-02  0.39485E-02  0.46332E-02  0.48846E-02  0.23875E-03  0.25580E-03  0.13350E+00  0.17950E+00  0.25610E+00  0.28299E+00
Cr 53          0.00000E+00  0.00000E+00  0.00000E+00  0.00000E+00  0.00000E+00  0.00000E+00  0.00000E+00  0.00000E+00  0.00000E+00  0.00000E+00  0.00000E+00  0.00000E+00  0.00000E+00  0.00000E+00  0.00000E+00  0.00000E+00  0.00000E+00  0.00000E+00  0.00000E+00  0.00000E+00  0.22529E-04  0.49562E-04  0.67577E-04  0.64261E-04  0.82788E-04  0.15028E-03  0.18178E-03  0.26055E-03  0.48386E-03  0.56586E-03  0.28133E-04  0.30142E-04  0.55600E-02  0.68820E-02  0.29020E-01  0.36792E-01
Cr 54          0.00000E+00  0.00000E+00  0.00000E+00  0.00000E+00  0.00000E+00  0.00000E+00  0.00000E+00  0.00000E+00  0.00000E+00  0.00000E+00  0.00000E+00  0.00000E+00  0.00000E+00  0.00000E+00  0.00000E+00  0.00000E+00  0.00000E+00  0.00000E+00  0.00000E+00  0.00000E+00  0.13807E-09  0.23450E-09  0.41327E-09  0.32483E-08  0.31781E-08  0.93243E-08  0.17198E-09  0.85911E-07  0.11402E-07  0.00000E+00  0.37481E-08  0.40158E-08  0.69500E-08  0.58980E-10  0.40160E-05  0.54259E-05
Mn 55          0.00000E+00  0.00000E+00  0.00000E+00  0.00000E+00  0.00000E+00  0.00000E+00  0.00000E+00  0.00000E+00  0.00000E+00  0.00000E+00  0.00000E+00  0.00000E+00  0.00000E+00  0.00000E+00  0.00000E+00  0.00000E+00  0.00000E+00  0.00000E+00  0.00000E+00  0.00000E+00  0.54642E-04  0.13285E-03  0.18547E-03  0.17391E-03  0.22569E-03  0.43031E-03  0.51575E-03  0.71501E-03  0.14078E-02  0.16622E-02  0.25565E-03  0.27391E-03  0.17950E-01  0.89770E-02  0.26130E+00  0.34989E+00
Fe 54          0.00000E+00  0.00000E+00  0.00000E+00  0.00000E+00  0.00000E+00  0.00000E+00  0.00000E+00  0.00000E+00  0.00000E+00  0.00000E+00  0.00000E+00  0.00000E+00  0.00000E+00  0.00000E+00  0.00000E+00  0.00000E+00  0.00000E+00  0.00000E+00  0.00000E+00  0.00000E+00  0.28440E-03  0.72920E-03  0.12358E-02  0.14003E-02  0.14165E-02  0.33068E-02  0.40901E-02  0.92991E-02  0.32767E-01  0.41385E-01  0.36497E-02  0.39104E-02  0.10890E+00  0.23320E-01  0.56760E+01  0.76605E+01
Fe 56          0.00000E+00  0.00000E+00  0.00000E+00  0.00000E+00  0.00000E+00  0.00000E+00  0.00000E+00  0.00000E+00  0.00000E+00  0.00000E+00  0.00000E+00  0.00000E+00  0.00000E+00  0.00000E+00  0.00000E+00  0.00000E+00  0.00000E+00  0.00000E+00  0.00000E+00  0.00000E+00  0.10001E-01  0.70001E-01  0.70002E-01  0.70009E-01  0.70008E-01  0.70024E-01  0.70004E-01  0.70201E-01  0.70106E-01  0.70071E-01  0.49312E-02  0.52834E-02  0.36300E+01  0.72490E+01  0.10460E+02  0.11587E+02
Fe 57          0.00000E+00  0.00000E+00  0.00000E+00  0.00000E+00  0.00000E+00  0.00000E+00  0.00000E+00  0.00000E+00  0.00000E+00  0.00000E+00  0.00000E+00  0.00000E+00  0.00000E+00  0.00000E+00  0.00000E+00  0.00000E+00  0.00000E+00  0.00000E+00  0.00000E+00  0.00000E+00  0.17821E-03  0.99652E-03  0.11354E-02  0.87784E-03  0.86735E-03  0.46684E-03  0.48274E-03  0.50135E-03  0.93580E-03  0.10953E-02  0.65642E-04  0.70331E-04  0.17680E-01  0.88560E-01  0.29780E+00  0.37126E+00
Fe 58          0.00000E+00  0.00000E+00  0.00000E+00  0.00000E+00  0.00000E+00  0.00000E+00  0.00000E+00  0.00000E+00  0.00000E+00  0.00000E+00  0.00000E+00  0.00000E+00  0.00000E+00  0.00000E+00  0.00000E+00  0.00000E+00  0.00000E+00  0.00000E+00  0.00000E+00  0.00000E+00  0.81525E-10  0.56742E-10  0.17611E-09  0.80675E-09  0.10493E-08  0.23079E-08  0.22613E-09  0.14061E-07  0.80762E-08  0.58785E-08  0.50047E-08  0.53622E-08  0.11370E-07  0.85540E-09  0.34470E-04  0.46571E-04
Co 59          0.00000E+00  0.00000E+00  0.00000E+00  0.00000E+00  0.00000E+00  0.00000E+00  0.00000E+00  0.00000E+00  0.00000E+00  0.00000E+00  0.00000E+00  0.00000E+00  0.00000E+00  0.00000E+00  0.00000E+00  0.00000E+00  0.00000E+00  0.00000E+00  0.00000E+00  0.00000E+00  0.21381E-05  0.17563E-03  0.13195E-03  0.16102E-03  0.14955E-03  0.15658E-04  0.24730E-05  0.18748E-05  0.30512E-05  0.34832E-05  0.21739E-05  0.23292E-05  0.14220E-04  0.24650E-02  0.17780E-01  0.23157E-01
Ni 58          0.00000E+00  0.00000E+00  0.00000E+00  0.00000E+00  0.00000E+00  0.00000E+00  0.00000E+00  0.00000E+00  0.00000E+00  0.00000E+00  0.00000E+00  0.00000E+00  0.00000E+00  0.00000E+00  0.00000E+00  0.00000E+00  0.00000E+00  0.00000E+00  0.00000E+00  0.00000E+00  0.10067E-03  0.38544E-03  0.41368E-03  0.38317E-03  0.37786E-03  0.29321E-03  0.38241E-03  0.57377E-03  0.24991E-02  0.32061E-02  0.40565E-03  0.43462E-03  0.11800E-01  0.63940E-01  0.37850E+01  0.50914E+01
Ni 60          0.00000E+00  0.00000E+00  0.00000E+00  0.00000E+00  0.00000E+00  0.00000E+00  0.00000E+00  0.00000E+00  0.00000E+00  0.00000E+00  0.00000E+00  0.00000E+00  0.00000E+00  0.00000E+00  0.00000E+00  0.00000E+00  0.00000E+00  0.00000E+00  0.00000E+00  0.00000E+00  0.91215E-04  0.21245E-02  0.16157E-02  0.15705E-02  0.13352E-02  0.14791E-03  0.36021E-05  0.43771E-05  0.32475E-05  0.28327E-05  0.38540E-05  0.41293E-05  0.14750E-04  0.22700E-01  0.15930E+00  0.20726E+00
Ni 61          0.00000E+00  0.00000E+00  0.00000E+00  0.00000E+00  0.00000E+00  0.00000E+00  0.00000E+00  0.00000E+00  0.00000E+00  0.00000E+00  0.00000E+00  0.00000E+00  0.00000E+00  0.00000E+00  0.00000E+00  0.00000E+00  0.00000E+00  0.00000E+00  0.00000E+00  0.00000E+00  0.35132E-05  0.36114E-04  0.31375E-04  0.21185E-04  0.18506E-04  0.57736E-06  0.60412E-08  0.13203E-08  0.71886E-09  0.49800E-09  0.88629E-09  0.94960E-09  0.29150E-08  0.82630E-03  0.28260E-04  0.00000E+00
Ni 62          0.00000E+00  0.00000E+00  0.00000E+00  0.00000E+00  0.00000E+00  0.00000E+00  0.00000E+00  0.00000E+00  0.00000E+00  0.00000E+00  0.00000E+00  0.00000E+00  0.00000E+00  0.00000E+00  0.00000E+00  0.00000E+00  0.00000E+00  0.00000E+00  0.00000E+00  0.00000E+00  0.14378E-04  0.19391E-04  0.15115E-04  0.13461E-04  0.11862E-04  0.38834E-06  0.16375E-08  0.53629E-09  0.56119E-09  0.57033E-09  0.14590E-09  0.15632E-09  0.96180E-09  0.42450E-02  0.17080E-04  0.00000E+00
Ni 64          0.00000E+00  0.00000E+00  0.00000E+00  0.00000E+00  0.00000E+00  0.00000E+00  0.00000E+00  0.00000E+00  0.00000E+00  0.00000E+00  0.00000E+00  0.00000E+00  0.00000E+00  0.00000E+00  0.00000E+00  0.00000E+00  0.00000E+00  0.00000E+00  0.00000E+00  0.00000E+00  0.15155E-13  0.38280E-14  0.99737E-13  0.10859E-13  0.61025E-13  0.32741E-11  0.32639E-13  0.77076E-14  0.34848E-12  0.47362E-12  0.18361E-10  0.19673E-10  0.59680E-14  0.13580E-10  0.12030E-10  0.11486E-10
Cu 63          0.00000E+00  0.00000E+00  0.00000E+00  0.00000E+00  0.00000E+00  0.00000E+00  0.00000E+00  0.00000E+00  0.00000E+00  0.00000E+00  0.00000E+00  0.00000E+00  0.00000E+00  0.00000E+00  0.00000E+00  0.00000E+00  0.00000E+00  0.00000E+00  0.00000E+00  0.00000E+00  0.13315E-07  0.48886E-05  0.35425E-05  0.39159E-05  0.34381E-05  0.12322E-06  0.23712E-09  0.20641E-10  0.10847E-10  0.72505E-11  0.67865E-10  0.72713E-10  0.28620E-10  0.21610E-04  0.80940E-06  0.00000E+00
Cu 65          0.00000E+00  0.00000E+00  0.00000E+00  0.00000E+00  0.00000E+00  0.00000E+00  0.00000E+00  0.00000E+00  0.00000E+00  0.00000E+00  0.00000E+00  0.00000E+00  0.00000E+00  0.00000E+00  0.00000E+00  0.00000E+00  0.00000E+00  0.00000E+00  0.00000E+00  0.00000E+00  0.15242E-07  0.21381E-06  0.24191E-06  0.16263E-06  0.14160E-06  0.77896E-08  0.10287E-11  0.13003E-12  0.10080E-11  0.13304E-11  0.81399E-10  0.87213E-10  0.33170E-12  0.18720E-05  0.84360E-08  0.00000E+00
Zn 64          0.00000E+00  0.00000E+00  0.00000E+00  0.00000E+00  0.00000E+00  0.00000E+00  0.00000E+00  0.00000E+00  0.00000E+00  0.00000E+00  0.00000E+00  0.00000E+00  0.00000E+00  0.00000E+00  0.00000E+00  0.00000E+00  0.00000E+00  0.00000E+00  0.00000E+00  0.00000E+00  0.51243E-06  0.12500E-03  0.12161E-03  0.95027E-04  0.82929E-04  0.25432E-05  0.30229E-09  0.43554E-10  0.12075E-10  0.51557E-12  0.12182E-09  0.13052E-09  0.11170E-09  0.14190E-03  0.58970E-05  0.00000E+00
Zn 66          0.00000E+00  0.00000E+00  0.00000E+00  0.00000E+00  0.00000E+00  0.00000E+00  0.00000E+00  0.00000E+00  0.00000E+00  0.00000E+00  0.00000E+00  0.00000E+00  0.00000E+00  0.00000E+00  0.00000E+00  0.00000E+00  0.00000E+00  0.00000E+00  0.00000E+00  0.00000E+00  0.21114E-06  0.68444E-06  0.10684E-05  0.50465E-06  0.42431E-06  0.15851E-07  0.35280E-11  0.51403E-12  0.34852E-11  0.45762E-11  0.16849E-09  0.18052E-09  0.18850E-10  0.41070E-04  0.22570E-07  0.00000E+00
Zn 67          0.00000E+00  0.00000E+00  0.00000E+00  0.00000E+00  0.00000E+00  0.00000E+00  0.00000E+00  0.00000E+00  0.00000E+00  0.00000E+00  0.00000E+00  0.00000E+00  0.00000E+00  0.00000E+00  0.00000E+00  0.00000E+00  0.00000E+00  0.00000E+00  0.00000E+00  0.00000E+00  0.15173E-09  0.16221E-07  0.23343E-07  0.12967E-07  0.10494E-07  0.21600E-09  0.63065E-12  0.84727E-13  0.11532E-11  0.15456E-11  0.77256E-10  0.82774E-10  0.17420E-12  0.45170E-07  0.61450E-08  0.00000E+00
Zn 68          0.00000E+00  0.00000E+00  0.00000E+00  0.00000E+00  0.00000E+00  0.00000E+00  0.00000E+00  0.00000E+00  0.00000E+00  0.00000E+00  0.00000E+00  0.00000E+00  0.00000E+00  0.00000E+00  0.00000E+00  0.00000E+00  0.00000E+00  0.00000E+00  0.00000E+00  0.00000E+00  0.32868E-10  0.29415E-07  0.32449E-07  0.40171E-07  0.34282E-07  0.80506E-09  0.12955E-11  0.26202E-12  0.16782E-11  0.21982E-11  0.14477E-09  0.15511E-09  0.34590E-11  0.90720E-08  0.62170E-08  0.52147E-08
Zn 70          0.00000E+00  0.00000E+00  0.00000E+00  0.00000E+00  0.00000E+00  0.00000E+00  0.00000E+00  0.00000E+00  0.00000E+00  0.00000E+00  0.00000E+00  0.00000E+00  0.00000E+00  0.00000E+00  0.00000E+00  0.00000E+00  0.00000E+00  0.00000E+00  0.00000E+00  0.00000E+00  0.16631E-13  0.69427E-15  0.35869E-13  0.65876E-14  0.25128E-13  0.39651E-13  0.18572E-13  0.44526E-15  0.13386E-12  0.18285E-12  0.22407E-10  0.24008E-10  0.22820E-14  0.13980E-10  0.16920E-11  0.00000E+00
Ga 69          0.00000E+00  0.00000E+00  0.00000E+00  0.00000E+00  0.00000E+00  0.00000E+00  0.00000E+00  0.00000E+00  0.00000E+00  0.00000E+00  0.00000E+00  0.00000E+00  0.00000E+00  0.00000E+00  0.00000E+00  0.00000E+00  0.00000E+00  0.00000E+00  0.00000E+00  0.00000E+00  0.29931E-10  0.78127E-08  0.56187E-08  0.61007E-08  0.49269E-08  0.87441E-10  0.50643E-12  0.42579E-14  0.69739E-12  0.95192E-12  0.77833E-10  0.83393E-10  0.90340E-13  0.30480E-08  0.37840E-09  0.00000E+00
Ga 71          0.00000E+00  0.00000E+00  0.00000E+00  0.00000E+00  0.00000E+00  0.00000E+00  0.00000E+00  0.00000E+00  0.00000E+00  0.00000E+00  0.00000E+00  0.00000E+00  0.00000E+00  0.00000E+00  0.00000E+00  0.00000E+00  0.00000E+00  0.00000E+00  0.00000E+00  0.00000E+00  0.16592E-13  0.85252E-14  0.11228E-12  0.18366E-13  0.92109E-13  0.22388E-12  0.23366E-13  0.13612E-14  0.12185E-12  0.16609E-12  0.32049E-10  0.34338E-10  0.79080E-14  0.28640E-10  0.21830E-10  0.19439E-10
Ge 70          0.00000E+00  0.00000E+00  0.00000E+00  0.00000E+00  0.00000E+00  0.00000E+00  0.00000E+00  0.00000E+00  0.00000E+00  0.00000E+00  0.00000E+00  0.00000E+00  0.00000E+00  0.00000E+00  0.00000E+00  0.00000E+00  0.00000E+00  0.00000E+00  0.00000E+00  0.00000E+00  0.42947E-09  0.89918E-08  0.65694E-08  0.48021E-08  0.39314E-08  0.68437E-11  0.21921E-11  0.18868E-11  0.91826E-11  0.11862E-10  0.14214E-09  0.15229E-09  0.35780E-10  0.53770E-07  0.11740E-07  0.00000E+00
Ge 72          0.00000E+00  0.00000E+00  0.00000E+00  0.00000E+00  0.00000E+00  0.00000E+00  0.00000E+00  0.00000E+00  0.00000E+00  0.00000E+00  0.00000E+00  0.00000E+00  0.00000E+00  0.00000E+00  0.00000E+00  0.00000E+00  0.00000E+00  0.00000E+00  0.00000E+00  0.00000E+00  0.15686E-13  0.17256E-13  0.80240E-12  0.57395E-12  0.33327E-12  0.13019E-12  0.83174E-12  0.46100E-13  0.56744E-12  0.75888E-12  0.57311E-10  0.61405E-10  0.15140E-11  0.31970E-10  0.12220E-10  0.52862E-11
Ge 73          0.00000E+00  0.00000E+00  0.00000E+00  0.00000E+00  0.00000E+00  0.00000E+00  0.00000E+00  0.00000E+00  0.00000E+00  0.00000E+00  0.00000E+00  0.00000E+00  0.00000E+00  0.00000E+00  0.00000E+00  0.00000E+00  0.00000E+00  0.00000E+00  0.00000E+00  0.00000E+00  0.30595E-13  0.15550E-13  0.11890E-12  0.10886E-12  0.16644E-12  0.13871E-12  0.91273E-13  0.29440E-14  0.23333E-12  0.31793E-12  0.31969E-10  0.34253E-10  0.95340E-13  0.27670E-10  0.40860E-10  0.45491E-10
Ge 74          0.00000E+00  0.00000E+00  0.00000E+00  0.00000E+00  0.00000E+00  0.00000E+00  0.00000E+00  0.00000E+00  0.00000E+00  0.00000E+00  0.00000E+00  0.00000E+00  0.00000E+00  0.00000E+00  0.00000E+00  0.00000E+00  0.00000E+00  0.00000E+00  0.00000E+00  0.00000E+00  0.63389E-14  0.41300E-14  0.11946E-12  0.48710E-13  0.10024E-12  0.25480E-12  0.29716E-13  0.83469E-15  0.24175E-12  0.33022E-12  0.20096E-10  0.21531E-10  0.10420E-13  0.13630E-10  0.26410E-11  0.00000E+00