# Mass ejected_mass total_metals H 	   He 		C 		N 		O 		Ne		 Mg 		Si 		S 		Ca		 Fe
6     4.7    	   0.00111012    -0.33495  0.33384      -0.00332086     0.00619469      -0.00300721     -0.00276886      0              0               0               0                0
7     5.7    	   0.00287026    -0.64021  0.63734      -0.0045405      0.00926662      -0.00496707     -0.00336272      0              0               0               0                0
9     7.64646      0.66419       -1.27293  0.60874      0.24384         0.0108861       0.187984        0.00629048       0.00223265     0.0391919       0.026859        0.00550154       0.13548
12    10.5169      1.26646       -2.30656  1.0401       0.146886        0.0179656       0.651678        0.112452         0.0322539      0.0920354       0.043314        0.007298         0.153493
15    13.1606      2.11826       -3.27488  1.15662      0.221549        0.0226703       1.25407         0.135161         0.0493339      0.200451        0.0971206       0.0130052        0.113483
20    17.9605      3.95536       -5.05718  1.10182      0.235736        0.0277876       2.77489         0.0958842        0.0408101      0.367211        0.19193         0.0196451        0.185403
30    23.1005      3.93866       -5.91137  1.97271      0.267712        0.0464569       2.96329         0.487582         0.128753       0.023225        0.0004858       0                0
40    27.4321      3.11937       -6.45219  3.33282      0.298049        0.0632642       2.0962          0.639127         0.00155771     0               0               0                0
60    54.3147      12.6209       -21.3944  8.77349      7.22261         0.106253        4.54868         0.488925         0.173648       0.0392845       0.00112705      0                0
100   91.349       23.5676       -40.5644  16.9968      14.9741         0.222559        7.36338         0.750302         0.130311       0.0244128       0.000632674     0                0
120   110.114      29.8008       -51.6216  21.8208      19.7308         0.294354        8.7054          0.861619         0.060912       0.00465867      1.17594e-05     0                0
                                                                                                                                                                                   




















 
 
  
  
  
  
  
  
  
  
  
  
  
 
 
 
 
 
 
 
 
 
 
 
 
 
 
 
 
 
 
 
 
 
 
 
 
 
  
  
  
  
  
  
  
  
    
    
    
    
    
    
    
    
    







 
 
 
 
 
 
 
 
 
 
 
 
 
 
 
                                                                                                                                                                        
      
      
      
      
      
      
      
      
      
      
      
 
 
 
 
                                                                                                                                                                       
 
 
 
                                                                                                                                                                       
                                                                                                                                                                        
                                                                                                                                                                        
                                                                                                                                                                        
                                                                                                                                                                        
                                                                                                                                                                        
                                                                                                                                                                        
                                                                                                                                                                           
                                                                                                                                                         
                                                                                                                                                        
                                                                                                                                                        
                                                                                                                                                        
                                                                                                                                                        
                                                                                                                                                        
                                                                                                                                                        
                                                                                                                                                        
                                                                                                                                                        
                                                                                                                                                        
                                                                                                                                                        
                                                                                                                                                          
                                                                                                                                        
                                                                                                                                        
                                                                                                                                        
                                                                                                                                        
                                                                                                                                        
                                                                                                                                        
                                                                                                                                        
                                                                                                                                        
                                                                                                                                        
                                                                                                                                        
                                                                                                                                        
                                                                                                                                        
                                                                                                                         
                                                                                                                         
                                                                                                                         
                                                                                                                         
                                                                                                                         
                                                                                                                         
                                                                                                                         
                                                                                                                         
                                                                                                                         
                                                                                                                         
                                                                                                                         
                                                                                                                         
                                                                                                        
                                                                                                        
                                                                                                        
                                                                                                        
                                                                                                        
                                                                                                        
                                                                                                        
                                                                                                        
                                                                                                        
                                                                                                        
                                                                                                        
                                                                                                        
                                                                                                        

                                                  











                                                  
                                                              
                                                    
                                                    
                                                    
                                                    
                                                    
                                                    
                                                    
                                                    
                                                    
                                            
                                            
                                            
                                            
                                            
                                            
                                            
                                             
                                             
                                             
                                             
                                             
                                             
                                             
                             
                             
                             
                             
                             
                             
                             
                             
  
  
  
  
  
  
  
  
  
 
 
 
 
 
 
 
 
 
 
 
 
 
 
 
 
 
 
    
    
    
    
    
    
    
    
    
    
    








 
 
 
 
 
 
 
 
 
 
 
 
 
 
 
 
 
 
 
 
  
 
 
 
  
 
 
   
  
  
  
  
  
  
  
  
 
 
 
 
 
 
 
 
























