# Mass ejected_mass total_metals H 	   He 		C 		N 		O 		Ne		 Mg 		Si 		S 		Ca		 Fe
6    4.7         0.00244001     -0.40187    0.39943   -0.000222608   0.000406058    -0.000181733     -0.000138443       0              0                0              0               0
7    5.7         0.020999       -0.70738    0.68638   -0.000296375   0.000583942    -0.000294707     -0.000168136       0              0                0              0               0
9    7.64649     0.44457        -1.31564    0.87107   0.0889314      0.00074145     0.138411         0.0091952          0.00553325     0.0306685        0.0137095      0.00258995      0.154368
12   10.4951     1.27057        -2.30489    1.03432   0.168987       0.00102282     0.668308         0.107911           0.0289872      0.0861459        0.0437912      0.00789402      0.156763
15   13.1979      2.17182       -3.29625    1.12443   0.212393       0.0011694      1.40365           0.0987822         0.0266895      0.199472         0.117488       0.0156688       0.0956094
20   17.9307    4.17508         -5.29421    1.11913   0.282147       0.00173721     3.03062           0.0993798         0.0757126      0.339698         0.171796       0.0163219       0.15662
30  23.0202     4.2562          -6.17685    1.92065   0.348097       0.00276251     3.14628           0.615611           0.129402      0.0117824        0.000107485    0               0
40   25.0912     1.48484        -4.97566    3.49082   0.336192       0.00423595     0.818882          0.270494           0.054095      0                0              0               0
60   35.424      0.79516        -7.25017    6.45501   0.506284       0.00669394     0.280666          0.000372705        0             0                0              0               0
100   67.9377     16.3817       -24.2137    7.83204   0.712529       0.00907829     13.9405           1.00101            0.717311      0                0              0               0
120   89.4012     23.3132       -36.0028    12.6896   1.95704        0.0136157      19.1449           1.32743            0.866174      0                0              0               0
                                                      

 
 
 
 
 
 
 
 
 
 
 
    
    
    
    
    
    
    
    
    
    
    








 
 
 
 
 
 
 
 
 
 
 
 
 
 
 
 
 
 
 
 
  
 
 
 
  
 
 
   
  
  
  
  
  
  
  
  
 
 
 
 
 
 
 
 
























