# Mass ejected_mass total_metals H 	   He 		C 		N 		O 		Ne		 Mg 		Si 		S 		Ca		 Fe
6     4.7         0.000869891   -0.39692   0.39605      -0.00184186     0.00354847     -0.00176198      -0.00143571      0              0               0               0                0
7     5.7         0.00415012    -0.70314   0.69899      -0.00241365     0.00500089     -0.00269469      -0.00174118      0              0               0               0                0
9     7.6549      0.48185       -1.35136   0.86951      0.0827334       0.00669904     0.145428         0.0130839        0.00592746     0.0364149       0.0184072       0.00361655       0.166889
12    10.5006     1.31914       -2.34354   1.0244       0.160637        0.00894477     0.684527         0.11792          0.0381874      0.0908148       0.0399431       0.00673503       0.166336
15    13.1849     2.1415        -3.25916   1.11766      0.226899        0.011949       1.27809          0.137117         0.0573169      0.192269        0.0958444       0.0137945        0.122316
20    17.9598     4.10003       -5.1731    1.07307      0.253049        0.0142071      2.91323          0.0874889        0.0460059      0.371644        0.198942        0.0200204        0.18755
30    23.0237     3.96248       -6.01708   2.0546       0.295797        0.0255637      2.97717          0.503072         0.129161       0.0202428       0.000553066     1.45763e-06      0
40    27.3731     3.39418       -6.28472   2.89054      0.334057        0.0337844      2.06111          0.734258         0.22031        0               0               0                0
60    40.02       5.0246        -10.2118   5.18716      0.396579        0.0554704      3.43099          0.83328          0.294944       0               0               0                0
100   63.2343     8.15212       -19.6352   11.4831      0.312612        0.10843        6.84938          0.495109         0.373172       0               0               0                0
120   84.7216     0.236725      -32.0025   31.7658      0.0430967       0.202469       -0.0322197       0.000307119      0              0               0               0                0       
                                                                                                                                                                                   
                                                                                                                                                                        
                                                                                                                                                                        
                                                                                                                                                                        
                                                                                                                                                                        
                                                                                                                                                                        
                                                                                                                                                                        
                                                                                                                                                                        
                                                                                                                                                                        
                                                                                                                                                                        
                                                                                                                                                                        
                                                                                                                                                                           
                                                                                                                                                         
                                                                                                                                                        
                                                                                                                                                        
                                                                                                                                                        
                                                                                                                                                        
                                                                                                                                                        
                                                                                                                                                        
                                                                                                                                                        
                                                                                                                                                        
                                                                                                                                                        
                                                                                                                                                        
                                                                                                                                                          
                                                                                                                                        
                                                                                                                                        
                                                                                                                                        
                                                                                                                                        
                                                                                                                                        
                                                                                                                                        
                                                                                                                                        
                                                                                                                                        
                                                                                                                                        
                                                                                                                                        
                                                                                                                                        
                                                                                                                                        
                                                                                                                         
                                                                                                                         
                                                                                                                         
                                                                                                                         
                                                                                                                         
                                                                                                                         
                                                                                                                         
                                                                                                                         
                                                                                                                         
                                                                                                                         
                                                                                                                         
                                                                                                                         
                                                                                                        
                                                                                                        
                                                                                                        
                                                                                                        
                                                                                                        
                                                                                                        
                                                                                                        
                                                                                                        
                                                                                                        
                                                                                                        
                                                                                                        
                                                                                                        
                                                                                                        

                                                  











                                                  
                                                              
                                                    
                                                    
                                                    
                                                    
                                                    
                                                    
                                                    
                                                    
                                                    
                                            
                                            
                                            
                                            
                                            
                                            
                                            
                                             
                                             
                                             
                                             
                                             
                                             
                                             
                             
                             
                             
                             
                             
                             
                             
                             
  
  
  
  
  
  
  
  
  
 
 
 
 
 
 
 
 
 
 
 
 
 
 
 
 
 
 
    
    
    
    
    
    
    
    
    
    
    








 
 
 
 
 
 
 
 
 
 
 
 
 
 
 
 
 
 
 
 
  
 
 
 
  
 
 
   
  
  
  
  
  
  
  
  
 
 
 
 
 
 
 
 
























