# Mass ejected_mass total_metals H 	   He 		C 		N 		O 		Ne		 Mg 		Si 		S 		Ca		 Fe
6       4.7        0.00384988    -0.31657  0.31272      -0.0177523      0.0293082       -0.0131042      -0.0173054       0              0               0               0               0
7       5.7        0.0070897     -0.53067  0.52358      -0.0243181      0.0436495       -0.0215144      -0.0210169       0              0               0               0               0
9       7.69044    0.40527       -1.15079  0.74552      0.0160955       0.0640557       0.0801391       0.00529803       0.00252206     0.0800406       0.0678521       0.0130738       0.0435565
12      10.5092    1.27011       -2.0307   0.76059      0.0951247       0.0833608       0.617075        0.127581         0.0259101      0.106631        0.0547168       0.00897471      0.0984339
15      13.0156    2.13176       -2.7673   0.63554      0.168255        0.0954386       1.22322         0.0724648        0.0151747      0.263914        0.121885        0.0123073       0.0930222
20      17.6234    4.28237       -4.31953  0.03716      0.158531        0.119486        2.9712          0.342555         0.103603       0.269784        0.114363        0.0130902       0.100698
30      27.638     4.62456       -8.12194  3.49738      0.818138        0.226245        2.34298         0.549435         0.0890234      0.243821        0.105674        0.0129158       0.109369
40      38.4545    3.76742       -13.0195  9.25203      1.86464         0.364347        0.305554        0.78005          0.0301898      0.110622        0.0530726       0.0082617       0.0902536
60      58.3019    5.29723       -20.8067  15.5095      2.93579         0.876465        0.1942          0.7583           0.0421334      0.12176         0.0484839       0.00627183      0.067424
100     98.3176    5.75488       -32.0448  26.29        2.57421         1.48248         -0.45522        1.43756          0.0409041      0.120613        0.0489562       0.00647664      0.0697738
120     118.32     5.94128       -32.6838  26.7425      2.35656         1.74737         -0.522884       1.42378          0.0406968      0.12042         0.0490359       0.00651119      0.07017
                                                                                                                                                                                   
 




















 
 
 
 
 
 
 
 
 
 
 











































 
 
 
 
 
 
 
 






















  
  
  
  
  
  
  
  
  
  
  




 
 
 
 
 
 
 
 
 
 
 
 
 
 
 
 
 
 
 
 
 
 
 
 
 
 
 
 
 
   
   
   
   
   
   
   
   
   
 
 
 
 
 
 
 
 
 
 
 
 
 
 
 
 
 
  
 
 
 
 
 
 
 
 
 
 














 
 
 
 
 
 
 
 
 
 
 
 
 
 
 
 
 
 
 
 
 
 
 
 
 
 
 
 
 
 
 
 
 
 
 
 

















 
 
  
  
  
  
  
  
  
  
  
  
  
 
 
 
 
 
 
 
 
 
 
 
 
 
 
 
 
 
 
 
 
 
 
 
 
 
  
  
  
  
  
  
  
  
    
    
    
    
    
    
    
    
    







 
 
 
 
 
 
 
 
 
 
 
 
 
 
 
                                                                                                                                                                        
      
      
      
      
      
      
      
      
      
      
      
 
 
 
 
                                                                                                                                                                       
 
 
 
                                                                                                                                                                       
                                                                                                                                                                        
                                                                                                                                                                        
                                                                                                                                                                        
                                                                                                                                                                        
                                                                                                                                                                        
                                                                                                                                                                        
                                                                                                                                                                           
                                                                                                                                                         
                                                                                                                                                        
                                                                                                                                                        
                                                                                                                                                        
                                                                                                                                                        
                                                                                                                                                        
                                                                                                                                                        
                                                                                                                                                        
                                                                                                                                                        
                                                                                                                                                        
                                                                                                                                                        
                                                                                                                                                          
                                                                                                                                        
                                                                                                                                        
                                                                                                                                        
                                                                                                                                        
                                                                                                                                        
                                                                                                                                        
                                                                                                                                        
                                                                                                                                        
                                                                                                                                        
                                                                                                                                        
                                                                                                                                        
                                                                                                                                        
                                                                                                                         
                                                                                                                         
                                                                                                                         
                                                                                                                         
                                                                                                                         
                                                                                                                         
                                                                                                                         
                                                                                                                         
                                                                                                                         
                                                                                                                         
                                                                                                                         
                                                                                                                         
                                                                                                        
                                                                                                        
                                                                                                        
                                                                                                        
                                                                                                        
                                                                                                        
                                                                                                        
                                                                                                        
                                                                                                        
                                                                                                        
                                                                                                        
                                                                                                        
                                                                                                        

                                                  











                                                  
                                                              
                                                    
                                                    
                                                    
                                                    
                                                    
                                                    
                                                    
                                                    
                                                    
                                            
                                            
                                            
                                            
                                            
                                            
                                            
                                             
                                             
                                             
                                             
                                             
                                             
                                             
                             
                             
                             
                             
                             
                             
                             
                             
  
  
  
  
  
  
  
  
  
 
 
 
 
 
 
 
 
 
 
 
 
 
 
 
 
 
 
    
    
    
    
    
    
    
    
    
    
    








 
 
 
 
 
 
 
 
 
 
 
 
 
 
 
 
 
 
 
 
  
 
 
 
  
 
 
   
  
  
  
  
  
  
  
  
 
 
 
 
 
 
 
 
























